1 1 1.21 1.03
1 2 0.67 0.38
2 1 1.21 1.03
2 2 0.68 0.38
3 1 1.21 1.03
3 2 0.68 0.38
4 1 1.21 1.03
4 2 0.68 0.39
5 1 1.21 1.02
5 2 0.68 0.39
6 1 1.21 1.02
6 2 0.68 0.4
7 1 1.22 1.01
7 2 0.68 0.41
8 1 1.22 1.0
8 2 0.69 0.41
9 1 1.22 0.99
9 2 0.69 0.42
10 1 1.23 0.98
10 2 0.69 0.43
11 1 1.23 0.97
11 2 0.69 0.43
12 1 1.23 0.96
12 2 0.69 0.43
13 1 1.23 0.96
13 2 0.69 0.44
14 1 1.23 0.95
14 2 0.7 0.44
15 1 1.23 0.95
15 2 0.7 0.44
16 1 1.23 0.95
16 2 0.7 0.44
17 1 1.23 0.95
17 2 0.7 0.44
18 1 1.24 0.95
18 2 0.7 0.44
19 1 1.24 0.95
19 2 0.71 0.44
20 1 1.24 0.95
20 2 0.71 0.44
21 1 1.25 0.94
21 2 0.71 0.44
22 1 1.25 0.94
22 2 0.71 0.44
23 1 1.25 0.94
23 2 0.71 0.44
24 1 1.25 0.93
24 2 0.71 0.45
25 1 1.25 0.92
25 2 0.72 0.45
26 1 1.26 0.91
26 2 0.72 0.46
27 1 1.26 0.91
27 2 0.72 0.47
28 1 1.27 0.91
28 2 0.73 0.47
29 1 1.27 0.91
29 2 0.73 0.47
30 1 1.27 0.91
30 2 0.73 0.48
31 1 1.27 0.91
31 2 0.73 0.48
32 1 1.27 0.91
32 2 0.73 0.48
33 1 1.27 0.91
33 2 0.74 0.48
34 1 1.27 0.9
34 2 0.74 0.48
35 1 1.27 0.9
35 2 0.74 0.48
36 1 1.27 0.89
36 2 0.74 0.48
37 1 1.27 0.87
37 2 0.75 0.48
38 1 1.27 0.86
38 2 0.75 0.48
39 1 1.27 0.86
39 2 0.75 0.49
40 1 1.27 0.86
40 2 0.75 0.49
41 1 1.27 0.85
41 2 0.75 0.5
42 1 1.27 0.85
42 2 0.75 0.51
43 1 1.27 0.85
43 2 0.75 0.52
44 1 1.27 0.85
44 2 0.75 0.52
45 1 1.27 0.85
45 2 0.75 0.52
46 1 1.27 0.86
46 2 0.76 0.53
47 1 1.27 0.86
47 2 0.76 0.53
48 1 1.27 0.86
48 2 0.76 0.53
49 1 1.28 0.85
49 2 0.76 0.53
50 1 1.28 0.85
50 2 0.76 0.53
51 1 1.28 0.84
51 2 0.76 0.54
52 1 1.28 0.84
52 2 0.77 0.53
53 1 1.28 0.83
53 2 0.77 0.53
54 1 1.28 0.83
54 2 0.77 0.53
55 1 1.28 0.82
55 2 0.77 0.53
56 1 1.28 0.81
56 2 0.77 0.54
57 1 1.29 0.81
57 2 0.77 0.54
58 1 1.29 0.8
58 2 0.78 0.55
59 1 1.29 0.8
59 2 0.78 0.56
60 1 1.29 0.8
60 2 0.78 0.57
61 1 1.29 0.8
61 2 0.78 0.57
62 1 1.29 0.8
62 2 0.78 0.57
63 1 1.29 0.8
63 2 0.78 0.58
64 1 1.29 0.8
64 2 0.79 0.58
65 1 1.29 0.79
65 2 0.79 0.59
66 1 1.29 0.79
66 2 0.79 0.59
67 1 1.29 0.78
67 2 0.79 0.59
68 1 1.29 0.78
68 2 0.79 0.59
69 1 1.29 0.77
69 2 0.79 0.59
70 1 1.29 0.76
70 2 0.79 0.59
71 1 1.29 0.76
71 2 0.79 0.59
72 1 1.29 0.75
72 2 0.8 0.6
73 1 1.28 0.75
73 2 0.8 0.6
74 1 1.28 0.75
74 2 0.8 0.61
75 1 1.28 0.75
75 2 0.8 0.62
76 1 1.28 0.75
76 2 0.8 0.63
77 1 1.28 0.75
77 2 0.8 0.64
78 1 1.28 0.75
78 2 0.8 0.64
79 1 1.28 0.75
79 2 0.8 0.65
80 1 1.28 0.75
80 2 0.8 0.65
81 1 1.28 0.74
81 2 0.8 0.66
82 1 1.28 0.74
82 2 0.8 0.65
83 1 1.27 0.73
83 2 0.8 0.65
84 1 1.27 0.72
84 2 0.8 0.66
85 1 1.27 0.71
85 2 0.81 0.66
86 1 1.27 0.7
86 2 0.81 0.66
87 1 1.27 0.69
87 2 0.81 0.66
88 1 1.27 0.69
88 2 0.81 0.66
89 1 1.27 0.69
89 2 0.81 0.66
90 1 1.27 0.69
90 2 0.81 0.67
91 1 1.27 0.69
91 2 0.81 0.68
92 1 1.26 0.69
92 2 0.81 0.69
92 3 0.05 1.02
93 1 1.26 0.69
93 2 0.82 0.7
93 3 0.05 1.02
94 1 1.26 0.69
94 2 0.82 0.71
94 3 0.06 1.01
95 1 1.25 0.68
95 2 0.82 0.71
95 3 0.06 1.01
96 1 1.25 0.68
96 2 0.82 0.72
96 3 0.07 0.99
97 1 1.25 0.67
97 2 0.82 0.72
97 3 0.07 0.99
98 1 1.25 0.67
98 2 0.83 0.73
98 3 0.08 0.99
99 1 1.24 0.65
99 2 0.83 0.73
99 3 0.09 0.99
100 1 1.24 0.65
100 2 0.83 0.73
100 3 0.1 0.98
101 1 1.23 0.64
101 2 0.83 0.73
101 3 0.11 0.97
102 1 1.23 0.64
102 2 0.83 0.73
102 3 0.12 0.97
103 1 1.22 0.64
103 2 0.83 0.73
103 3 0.13 0.97
104 1 1.22 0.64
104 2 0.83 0.72
104 3 0.14 0.96
105 1 1.22 0.65
105 2 0.84 0.73
105 3 0.14 0.96
106 1 1.21 0.64
106 2 0.84 0.74
106 3 0.15 0.96
107 1 1.21 0.64
107 2 0.84 0.75
107 3 0.15 0.95
108 1 1.2 0.64
108 2 0.84 0.76
108 3 0.16 0.95
109 1 1.2 0.64
109 2 0.84 0.78
109 3 0.17 0.94
110 1 1.19 0.64
110 2 0.84 0.79
110 3 0.17 0.94
111 1 1.19 0.64
111 2 0.84 0.79
111 3 0.18 0.94
112 1 1.19 0.64
112 2 0.84 0.8
112 3 0.18 0.94
113 1 1.18 0.63
113 2 0.84 0.8
113 3 0.19 0.94
114 1 1.18 0.62
114 2 0.84 0.8
114 3 0.19 0.94
115 1 1.18 0.62
115 2 0.85 0.8
115 3 0.2 0.94
116 1 1.17 0.61
116 2 0.85 0.81
116 3 0.21 0.94
117 1 1.17 0.61
117 2 0.85 0.81
117 3 0.22 0.94
118 1 1.17 0.61
118 2 0.85 0.81
118 3 0.22 0.94
119 1 1.16 0.61
119 2 0.85 0.81
119 3 0.23 0.94
120 1 1.16 0.61
120 2 0.85 0.81
120 3 0.23 0.94
121 1 1.15 0.61
121 2 0.85 0.81
121 3 0.24 0.94
122 1 1.14 0.61
122 2 0.86 0.81
122 3 0.24 0.93
123 1 1.14 0.6
123 2 0.86 0.82
123 3 0.25 0.93
124 1 1.14 0.6
124 2 0.86 0.83
124 3 0.25 0.93
125 1 1.14 0.6
125 2 0.86 0.84
125 3 0.26 0.93
126 1 1.13 0.6
126 2 0.86 0.85
126 3 0.26 0.92
127 1 1.13 0.59
127 2 0.87 0.86
127 3 0.27 0.91
128 1 1.12 0.59
128 2 0.87 0.87
128 3 0.27 0.9
129 1 1.12 0.59
129 2 0.87 0.87
129 3 0.27 0.9
130 1 1.12 0.59
130 2 0.87 0.88
130 3 0.28 0.9
131 1 1.11 0.59
131 2 0.88 0.88
131 3 0.28 0.9
132 1 1.11 0.59
132 2 0.88 0.89
132 3 0.28 0.9
133 1 1.1 0.59
133 2 0.88 0.89
133 3 0.29 0.9
134 1 1.1 0.59
134 2 0.88 0.89
134 3 0.29 0.9
135 1 1.1 0.59
135 2 0.89 0.88
135 3 0.29 0.9
136 1 1.09 0.59
136 2 0.89 0.88
136 3 0.29 0.9
137 1 1.09 0.59
137 2 0.89 0.88
137 3 0.29 0.9
138 1 1.09 0.59
138 2 0.89 0.88
138 3 0.29 0.9
139 1 1.08 0.59
139 2 0.89 0.89
139 3 0.29 0.9
140 1 1.08 0.59
140 2 0.9 0.89
140 3 0.29 0.9
141 1 1.07 0.59
141 2 0.9 0.9
141 3 0.29 0.9
142 1 1.07 0.59
142 2 0.9 0.92
142 3 0.29 0.9
143 1 1.07 0.59
143 2 0.9 0.93
143 3 0.29 0.9
144 1 1.06 0.58
144 2 0.9 0.94
144 3 0.29 0.9
145 1 1.06 0.58
145 2 0.9 0.96
145 3 0.29 0.9
146 1 1.06 0.57
146 2 0.91 0.96
146 3 0.29 0.9
147 1 1.05 0.57
147 2 0.91 0.97
147 3 0.29 0.9
148 1 1.05 0.57
148 2 0.91 0.98
148 3 0.3 0.9
149 1 1.04 0.57
149 2 0.91 0.98
149 3 0.3 0.9
150 1 1.04 0.57
150 2 0.91 0.98
150 3 0.3 0.9
151 1 1.04 0.57
151 2 0.91 0.98
151 3 0.3 0.9
152 1 1.03 0.58
152 2 0.91 0.98
152 3 0.3 0.9
153 1 1.02 0.58
153 2 0.92 0.98
153 3 0.3 0.9
154 1 1.02 0.58
154 2 0.92 0.97
154 3 0.3 0.9
155 1 1.02 0.58
155 2 0.92 0.97
155 3 0.3 0.9
156 1 1.02 0.58
156 2 0.92 0.98
156 3 0.3 0.9
157 1 1.01 0.58
157 2 0.92 0.98
157 3 0.3 0.9
158 1 1.01 0.57
158 2 0.92 0.98
158 3 0.3 0.9
159 1 1.0 0.57
159 2 0.92 0.98
159 3 0.3 0.9
160 1 1.0 0.58
160 2 0.93 0.98
160 3 0.3 0.9
161 1 1.0 0.58
161 2 0.93 0.98
161 3 0.3 0.9
162 1 1.0 0.58
162 2 0.93 0.98
162 3 0.3 0.9
163 1 0.99 0.58
163 2 0.93 0.98
163 3 0.3 0.9
164 1 0.99 0.58
164 2 0.93 0.98
164 3 0.3 0.9
165 1 0.98 0.58
165 2 0.93 0.98
165 3 0.3 0.9
166 1 0.98 0.58
166 2 0.93 0.98
166 3 0.3 0.9
167 1 0.98 0.58
167 2 0.93 0.98
167 3 0.3 0.9
168 1 0.97 0.58
168 2 0.93 0.98
168 3 0.3 0.9
169 1 0.97 0.58
169 2 0.93 0.98
169 3 0.3 0.9
170 1 0.96 0.58
170 2 0.93 0.98
170 3 0.3 0.9
171 1 0.96 0.59
171 2 0.93 0.98
171 3 0.3 0.9
172 1 0.96 0.59
172 2 0.93 0.98
172 3 0.3 0.9
173 1 0.96 0.59
173 2 0.93 0.98
173 3 0.3 0.9
174 1 0.95 0.59
174 2 0.93 0.98
174 3 0.3 0.9
175 1 0.95 0.59
175 2 0.93 0.98
175 3 0.3 0.9
176 1 0.95 0.59
176 2 0.93 0.98
176 3 0.3 0.9
177 1 0.95 0.59
177 2 0.93 0.98
177 3 0.3 0.9
178 1 0.94 0.59
178 2 0.93 0.98
178 3 0.3 0.9
178 4 0.62 0.21
179 1 0.94 0.59
179 2 0.94 0.98
179 3 0.3 0.9
179 4 0.62 0.2
180 1 0.94 0.6
180 2 0.94 0.98
180 3 0.3 0.9
180 4 0.62 0.2
181 1 0.94 0.6
181 2 0.94 0.98
181 3 0.3 0.9
181 4 0.61 0.21
182 1 0.94 0.61
182 2 0.94 0.98
182 3 0.3 0.9
182 4 0.61 0.21
183 1 0.94 0.62
183 2 0.94 0.98
183 3 0.3 0.9
183 4 0.61 0.21
184 1 0.93 0.62
184 2 0.93 0.98
184 3 0.3 0.9
184 4 0.6 0.21
185 1 0.93 0.63
185 2 0.93 0.98
185 3 0.3 0.9
185 4 0.6 0.21
186 1 0.93 0.63
186 2 0.93 0.98
186 3 0.3 0.9
186 4 0.6 0.22
187 1 0.93 0.63
187 2 0.93 0.98
187 3 0.3 0.9
187 4 0.6 0.22
188 1 0.93 0.63
188 2 0.93 0.98
188 3 0.3 0.9
188 4 0.59 0.22
189 1 0.93 0.63
189 2 0.93 0.98
189 3 0.3 0.9
189 4 0.59 0.22
190 1 0.93 0.63
190 2 0.93 0.98
190 3 0.3 0.9
190 4 0.58 0.22
191 1 0.93 0.63
191 2 0.93 0.98
191 3 0.3 0.91
191 4 0.58 0.22
192 1 0.93 0.63
192 2 0.93 0.98
192 3 0.3 0.91
192 4 0.58 0.23
193 1 0.93 0.63
193 2 0.93 0.98
193 3 0.3 0.91
193 4 0.57 0.23
194 1 0.93 0.63
194 2 0.93 0.98
194 3 0.3 0.91
194 4 0.57 0.23
195 1 0.93 0.63
195 2 0.93 0.98
195 3 0.3 0.91
195 4 0.57 0.24
196 1 0.93 0.63
196 2 0.93 0.98
196 3 0.31 0.91
196 4 0.57 0.24
197 1 0.93 0.64
197 2 0.93 0.98
197 3 0.31 0.91
197 4 0.56 0.25
198 1 0.93 0.65
198 2 0.93 0.98
198 3 0.31 0.91
198 4 0.56 0.25
199 1 0.93 0.66
199 2 0.94 0.98
199 3 0.31 0.91
199 4 0.56 0.25
200 1 0.93 0.66
200 2 0.94 0.98
200 3 0.31 0.91
200 4 0.56 0.25
201 1 0.93 0.67
201 2 0.94 0.98
201 3 0.31 0.91
201 4 0.56 0.25
202 1 0.93 0.67
202 2 0.94 0.98
202 3 0.31 0.91
202 4 0.55 0.25
203 1 0.94 0.67
203 2 0.94 0.98
203 3 0.31 0.91
203 4 0.55 0.25
204 1 0.94 0.67
204 2 0.94 0.98
204 3 0.31 0.91
204 4 0.55 0.25
205 1 0.94 0.67
205 2 0.95 0.98
205 3 0.31 0.91
205 4 0.55 0.25
206 1 0.94 0.67
206 2 0.95 0.98
206 3 0.31 0.91
206 4 0.54 0.25
207 1 0.94 0.68
207 2 0.95 0.98
207 3 0.31 0.91
207 4 0.54 0.25
208 1 0.94 0.68
208 2 0.96 0.98
208 3 0.31 0.91
208 4 0.54 0.25
209 1 0.94 0.68
209 2 0.96 0.98
209 3 0.31 0.9
209 4 0.54 0.26
210 1 0.94 0.68
210 2 0.96 0.98
210 3 0.31 0.9
210 4 0.54 0.26
211 1 0.95 0.68
211 2 0.96 0.98
211 3 0.31 0.91
211 4 0.53 0.26
212 1 0.95 0.69
212 2 0.96 0.98
212 3 0.31 0.91
212 4 0.53 0.26
213 1 0.95 0.69
213 2 0.97 0.98
213 3 0.31 0.91
213 4 0.53 0.26
214 1 0.95 0.69
214 2 0.97 0.98
214 3 0.31 0.91
214 4 0.53 0.27
215 1 0.96 0.69
215 2 0.97 0.98
215 3 0.31 0.91
215 4 0.52 0.27
216 1 0.96 0.69
216 2 0.98 0.98
216 3 0.32 0.92
216 4 0.52 0.27
217 1 0.96 0.69
217 2 0.98 0.98
217 3 0.32 0.92
217 4 0.52 0.27
218 1 0.96 0.69
218 2 0.99 0.97
218 3 0.32 0.92
218 4 0.52 0.27
219 1 0.97 0.69
219 2 0.99 0.97
219 3 0.32 0.92
219 4 0.52 0.27
220 1 0.97 0.69
220 2 1.0 0.97
220 3 0.32 0.92
220 4 0.51 0.27
221 1 0.98 0.69
221 2 1.0 0.98
221 3 0.32 0.92
221 4 0.51 0.28
222 1 0.98 0.69
222 2 1.0 0.99
222 3 0.33 0.92
222 4 0.51 0.28
223 1 0.98 0.69
223 2 1.01 0.99
223 3 0.33 0.91
223 4 0.51 0.28
224 1 0.99 0.69
224 2 1.01 1.0
224 3 0.33 0.91
224 4 0.51 0.29
225 1 0.99 0.69
225 2 1.02 1.0
225 3 0.33 0.91
225 4 0.51 0.29
226 1 1.0 0.7
226 2 1.02 1.0
226 3 0.33 0.91
226 4 0.5 0.28
227 1 1.0 0.7
227 2 1.02 0.99
227 3 0.33 0.91
227 4 0.5 0.28
228 1 1.0 0.7
228 2 1.03 0.99
228 3 0.33 0.91
228 4 0.5 0.3
229 1 1.01 0.7
229 2 1.04 0.99
229 3 0.34 0.91
229 4 0.5 0.3
230 1 1.01 0.7
230 2 1.04 0.99
230 3 0.34 0.91
230 4 0.5 0.31
231 1 1.02 0.7
231 2 1.04 0.99
231 3 0.34 0.92
231 4 0.5 0.31
232 1 1.02 0.7
232 2 1.04 0.99
232 3 0.34 0.92
232 4 0.5 0.32
233 1 1.02 0.71
233 2 1.05 1.0
233 3 0.34 0.92
233 4 0.5 0.32
234 1 1.02 0.71
234 2 1.05 1.0
234 3 0.34 0.92
234 4 0.5 0.32
235 1 1.03 0.71
235 2 1.06 1.0
235 3 0.35 0.92
235 4 0.5 0.32
236 1 1.04 0.71
236 2 1.07 1.0
236 3 0.35 0.91
236 4 0.49 0.31
237 1 1.04 0.7
237 2 1.07 1.0
237 3 0.35 0.91
237 4 0.49 0.32
238 1 1.04 0.7
238 2 1.08 1.0
238 3 0.36 0.91
238 4 0.49 0.33
239 1 1.04 0.7
239 2 1.09 1.0
239 3 0.36 0.91
239 4 0.49 0.33
240 1 1.05 0.71
240 2 1.09 1.0
240 3 0.36 0.91
240 4 0.48 0.34
241 1 1.06 0.71
241 2 1.1 1.0
241 3 0.37 0.91
241 4 0.48 0.34
242 1 1.06 0.71
242 2 1.1 1.0
242 3 0.37 0.91
242 4 0.48 0.35
243 1 1.06 0.71
243 2 1.11 1.0
243 3 0.37 0.91
243 4 0.48 0.35
244 1 1.07 0.71
244 2 1.11 0.99
244 3 0.38 0.91
244 4 0.47 0.36
245 1 1.07 0.71
245 2 1.12 0.99
245 3 0.38 0.91
245 4 0.47 0.36
246 1 1.08 0.71
246 2 1.12 0.99
246 3 0.38 0.91
246 4 0.47 0.36
247 1 1.08 0.71
247 2 1.12 1.0
247 3 0.39 0.91
247 4 0.46 0.36
248 1 1.08 0.71
248 2 1.13 1.0
248 3 0.39 0.91
248 4 0.46 0.36
249 1 1.09 0.71
249 2 1.13 1.0
249 3 0.39 0.91
249 4 0.46 0.36
250 1 1.09 0.71
250 2 1.14 1.0
250 3 0.4 0.91
250 4 0.46 0.37
251 1 1.1 0.71
251 2 1.14 1.0
251 3 0.4 0.91
251 4 0.46 0.37
252 1 1.1 0.71
252 2 1.14 1.0
252 3 0.4 0.91
252 4 0.46 0.38
253 1 1.1 0.7
253 2 1.15 1.0
253 3 0.4 0.91
253 4 0.46 0.39
254 1 1.11 0.69
254 2 1.16 0.99
254 3 0.4 0.91
254 4 0.45 0.39
255 1 1.11 0.69
255 2 1.17 0.98
255 3 0.41 0.91
255 4 0.45 0.4
256 1 1.12 0.69
256 2 1.17 0.98
256 3 0.41 0.91
256 4 0.45 0.41
257 1 1.12 0.69
257 2 1.18 0.98
257 3 0.41 0.92
257 4 0.44 0.41
258 1 1.13 0.7
258 2 1.18 0.98
258 3 0.41 0.92
258 4 0.44 0.41
259 1 1.13 0.69
259 2 1.19 0.99
259 3 0.41 0.92
259 4 0.44 0.41
260 1 1.13 0.69
260 2 1.19 1.0
260 3 0.42 0.93
260 4 0.44 0.41
261 1 1.14 0.69
261 2 1.2 1.0
261 3 0.42 0.93
261 4 0.43 0.41
262 1 1.15 0.69
262 2 1.2 1.0
262 3 0.42 0.94
262 4 0.43 0.41
263 1 1.15 0.69
263 2 1.21 1.0
263 3 0.42 0.95
263 4 0.43 0.41
264 1 1.15 0.69
264 2 1.21 1.0
264 3 0.42 0.95
264 4 0.43 0.41
265 1 1.15 0.69
265 2 1.22 1.0
265 3 0.42 0.96
265 4 0.43 0.41
266 1 1.16 0.69
266 2 1.22 1.0
266 3 0.42 0.96
266 4 0.42 0.42
267 1 1.16 0.69
267 2 1.22 1.0
267 3 0.42 0.96
267 4 0.42 0.42
268 1 1.17 0.69
268 2 1.23 1.0
268 3 0.42 0.97
268 4 0.42 0.43
269 1 1.17 0.69
269 2 1.23 1.01
269 3 0.42 0.97
269 4 0.42 0.43
270 1 1.18 0.69
270 2 1.24 1.01
270 3 0.42 0.97
270 4 0.41 0.43
271 1 1.18 0.69
271 2 1.24 1.01
271 3 0.42 0.97
271 4 0.41 0.44
272 1 1.19 0.69
272 2 1.25 1.02
272 3 0.43 0.97
272 4 0.4 0.44
273 1 1.19 0.69
273 2 1.26 1.02
273 3 0.43 0.97
273 4 0.4 0.44
274 1 1.19 0.69
274 2 1.26 1.01
274 3 0.43 0.97
274 4 0.4 0.44
275 1 1.2 0.69
275 2 1.27 1.01
275 3 0.43 0.96
275 4 0.4 0.44
276 1 1.2 0.69
276 2 1.28 1.01
276 3 0.43 0.97
276 4 0.39 0.44
277 1 1.21 0.69
277 2 1.29 1.01
277 3 0.43 0.97
277 4 0.39 0.44
278 1 1.21 0.69
278 2 1.29 1.01
278 3 0.43 0.97
278 4 0.38 0.44
279 1 1.21 0.69
279 2 1.3 1.01
279 3 0.43 0.97
279 4 0.38 0.45
280 1 1.21 0.69
280 2 1.3 1.01
280 3 0.43 0.97
280 4 0.37 0.45
281 1 1.22 0.69
281 2 1.3 1.01
281 3 0.43 0.97
281 4 0.37 0.46
282 1 1.22 0.69
282 2 1.31 1.01
282 3 0.43 0.96
282 4 0.37 0.47
283 1 1.22 0.69
283 2 1.31 1.01
283 3 0.43 0.96
283 4 0.36 0.47
284 1 1.23 0.68
284 2 1.31 1.01
284 3 0.43 0.96
284 4 0.36 0.48
285 1 1.23 0.68
285 2 1.32 1.01
285 3 0.43 0.96
285 4 0.36 0.48
286 1 1.24 0.68
286 2 1.32 1.01
286 3 0.43 0.96
286 4 0.36 0.49
287 1 1.24 0.68
287 2 1.33 1.01
287 3 0.43 0.96
287 4 0.35 0.49
288 1 1.24 0.68
288 2 1.33 1.01
288 3 0.43 0.97
288 4 0.35 0.5
289 1 1.25 0.68
289 2 1.33 1.01
289 3 0.43 0.96
289 4 0.35 0.5
290 1 1.25 0.68
290 2 1.34 1.0
290 3 0.43 0.97
290 4 0.34 0.5
291 1 1.25 0.68
291 2 1.35 0.99
291 3 0.43 0.97
291 4 0.33 0.5
292 1 1.26 0.68
292 2 1.36 0.98
292 3 0.43 0.97
292 4 0.33 0.5
293 1 1.26 0.68
293 2 1.37 0.98
293 3 0.43 0.97
293 4 0.33 0.5
294 1 1.27 0.68
294 2 1.38 0.98
294 3 0.43 0.97
294 4 0.33 0.5
295 1 1.27 0.68
295 2 1.39 0.99
295 3 0.43 0.97
295 4 0.33 0.51
296 1 1.27 0.68
296 2 1.39 0.99
296 3 0.43 0.97
296 4 0.32 0.51
297 1 1.27 0.68
297 2 1.39 0.99
297 3 0.43 0.97
297 4 0.31 0.51
298 1 1.28 0.68
298 2 1.39 0.99
298 3 0.43 0.97
298 4 0.31 0.51
299 1 1.28 0.68
299 2 1.4 0.99
299 3 0.43 0.97
299 4 0.31 0.52
300 1 1.28 0.68
300 2 1.4 1.0
300 3 0.43 0.97
300 4 0.3 0.52
301 1 1.29 0.68
301 2 1.41 1.0
301 3 0.43 0.97
301 4 0.29 0.52
302 1 1.29 0.68
302 2 1.41 1.01
302 3 0.43 0.97
302 4 0.29 0.53
303 1 1.29 0.68
303 2 1.42 1.01
303 3 0.43 0.97
303 4 0.29 0.53
304 1 1.3 0.68
304 2 1.42 1.01
304 3 0.43 0.97
304 4 0.28 0.53
305 1 1.3 0.68
305 2 1.43 1.02
305 3 0.43 0.97
305 4 0.28 0.53
306 1 1.3 0.68
306 2 1.43 1.02
306 3 0.43 0.97
306 4 0.27 0.53
307 1 1.31 0.69
307 2 1.44 1.02
307 3 0.44 0.97
307 4 0.27 0.53
308 1 1.31 0.68
308 2 1.44 1.02
308 3 0.44 0.97
308 4 0.27 0.54
309 1 1.31 0.68
309 2 1.45 1.02
309 3 0.44 0.97
309 4 0.26 0.54
310 1 1.31 0.68
310 2 1.46 1.02
310 3 0.44 0.97
310 4 0.26 0.55
311 1 1.31 0.68
311 2 1.47 1.02
311 3 0.44 0.97
311 4 0.25 0.56
312 1 1.31 0.68
312 2 1.48 1.01
312 3 0.44 0.97
312 4 0.25 0.57
313 1 1.31 0.68
313 2 1.48 1.01
313 3 0.44 0.97
313 4 0.24 0.58
314 1 1.31 0.67
314 2 1.49 1.02
314 3 0.44 0.97
314 4 0.24 0.58
315 1 1.31 0.67
315 2 1.49 1.02
315 3 0.44 0.97
315 4 0.23 0.59
316 1 1.31 0.66
316 2 1.5 1.02
316 3 0.44 0.97
316 4 0.23 0.59
317 1 1.31 0.65
317 2 1.5 1.02
317 3 0.44 0.97
317 4 0.23 0.6
318 1 1.31 0.65
318 2 1.5 1.02
318 3 0.44 0.97
318 4 0.22 0.6
319 1 1.31 0.64
319 2 1.51 1.02
319 3 0.44 0.97
319 4 0.22 0.6
320 1 1.31 0.64
320 2 1.51 1.03
320 3 0.44 0.97
320 4 0.21 0.6
321 1 1.31 0.64
321 2 1.51 1.04
321 3 0.44 0.97
321 4 0.21 0.6
322 1 1.31 0.64
322 2 1.52 1.05
322 3 0.44 0.97
322 4 0.21 0.61
323 1 1.31 0.64
323 2 1.52 1.05
323 3 0.44 0.97
323 4 0.21 0.61
324 1 1.31 0.64
324 2 1.53 1.05
324 3 0.44 0.97
324 4 0.2 0.6
325 1 1.31 0.64
325 2 1.53 1.05
325 3 0.44 0.97
325 4 0.2 0.6
326 1 1.31 0.64
326 2 1.54 1.05
326 3 0.44 0.97
326 4 0.19 0.6
327 1 1.31 0.64
327 2 1.55 1.05
327 3 0.44 0.96
327 4 0.19 0.61
328 1 1.31 0.64
328 2 1.55 1.05
328 3 0.44 0.96
328 4 0.18 0.61
329 1 1.31 0.64
329 2 1.56 1.05
329 3 0.44 0.96
329 4 0.18 0.62
330 1 1.31 0.63
330 2 1.56 1.06
330 3 0.44 0.96
330 4 0.17 0.62
331 1 1.31 0.63
331 2 1.57 1.06
331 3 0.44 0.96
331 4 0.17 0.63
332 1 1.3 0.63
332 2 1.57 1.07
332 3 0.44 0.96
332 4 0.16 0.63
333 1 1.3 0.62
333 2 1.58 1.08
333 3 0.44 0.96
333 4 0.16 0.64
334 1 1.3 0.62
334 2 1.58 1.1
334 3 0.44 0.96
334 4 0.15 0.64
335 1 1.3 0.61
335 2 1.58 1.11
335 3 0.44 0.96
335 4 0.15 0.64
336 1 1.3 0.6
336 2 1.58 1.12
336 3 0.44 0.96
336 4 0.14 0.64
337 1 1.3 0.6
337 2 1.58 1.12
337 3 0.44 0.96
337 4 0.14 0.64
338 1 1.29 0.6
338 2 1.58 1.13
338 3 0.44 0.96
338 4 0.14 0.64
339 1 1.29 0.6
339 2 1.59 1.13
339 3 0.44 0.96
339 4 0.13 0.64
340 1 1.29 0.6
340 2 1.59 1.13
340 3 0.44 0.96
340 4 0.13 0.64
341 1 1.29 0.59
341 2 1.59 1.13
341 3 0.44 0.96
341 4 0.12 0.66
342 1 1.28 0.59
342 2 1.6 1.13
342 3 0.44 0.96
342 4 0.12 0.67
343 1 1.28 0.59
343 2 1.6 1.13
343 3 0.44 0.96
343 4 0.12 0.68
344 1 1.28 0.59
344 2 1.6 1.13
344 3 0.44 0.96
344 4 0.11 0.69
345 1 1.27 0.59
345 2 1.6 1.13
345 3 0.44 0.96
345 4 0.1 0.69
346 1 1.27 0.58
346 2 1.6 1.13
346 3 0.44 0.96
346 4 0.1 0.69
347 1 1.27 0.58
347 2 1.6 1.13
347 3 0.44 0.96
347 4 0.1 0.7
348 1 1.27 0.58
348 2 1.6 1.13
348 3 0.44 0.96
348 4 0.09 0.71
349 1 1.27 0.57
349 2 1.6 1.14
349 3 0.44 0.96
349 4 0.09 0.71
350 1 1.26 0.57
350 2 1.6 1.15
350 3 0.44 0.96
350 4 0.08 0.71
351 1 1.26 0.57
351 2 1.6 1.16
351 3 0.44 0.96
351 4 0.08 0.71
352 1 1.25 0.57
352 2 1.6 1.18
352 3 0.44 0.96
352 4 0.07 0.72
353 1 1.25 0.58
353 2 1.59 1.19
353 3 0.44 0.96
353 4 0.07 0.72
354 1 1.25 0.58
354 2 1.59 1.2
354 3 0.44 0.96
354 4 0.07 0.72
355 1 1.24 0.58
355 2 1.59 1.2
355 3 0.44 0.96
355 4 0.06 0.72
356 1 1.24 0.58
356 2 1.58 1.2
356 3 0.44 0.96
356 4 0.06 0.72
357 1 1.24 0.58
357 2 1.58 1.2
357 3 0.44 0.96
357 4 0.06 0.72
358 1 1.23 0.57
358 2 1.58 1.2
358 3 0.44 0.97
358 4 0.05 0.72
359 1 1.23 0.57
359 2 1.57 1.2
359 3 0.44 0.97
359 4 0.05 0.73
360 1 1.22 0.57
360 2 1.57 1.2
360 3 0.44 0.97
361 1 1.22 0.57
361 2 1.57 1.2
361 3 0.44 0.97
362 1 1.22 0.56
362 2 1.56 1.2
362 3 0.44 0.97
363 1 1.21 0.56
363 2 1.56 1.2
363 3 0.44 0.97
364 1 1.21 0.56
364 2 1.56 1.21
364 3 0.44 0.97
365 1 1.21 0.56
365 2 1.56 1.21
365 3 0.44 0.97
366 1 1.21 0.56
366 2 1.56 1.21
366 3 0.44 0.97
367 1 1.2 0.56
367 2 1.56 1.21
367 3 0.44 0.97
368 1 1.2 0.56
368 2 1.55 1.21
368 3 0.44 0.97
369 1 1.19 0.56
369 2 1.55 1.21
369 3 0.44 0.97
370 1 1.19 0.56
370 2 1.55 1.21
370 3 0.44 0.97
371 1 1.18 0.56
371 2 1.54 1.21
371 3 0.44 0.97
372 1 1.18 0.56
372 2 1.54 1.2
372 3 0.44 0.97
373 1 1.18 0.56
373 2 1.54 1.21
373 3 0.44 0.97
374 1 1.17 0.55
374 2 1.53 1.21
374 3 0.44 0.97
375 1 1.17 0.55
375 2 1.52 1.21
375 3 0.44 0.97
376 1 1.16 0.55
376 2 1.51 1.21
376 3 0.44 0.96
377 1 1.16 0.55
377 2 1.51 1.21
377 3 0.44 0.96
378 1 1.16 0.55
378 2 1.5 1.21
378 3 0.44 0.96
379 1 1.16 0.55
379 2 1.5 1.21
379 3 0.44 0.96
380 1 1.15 0.55
380 2 1.5 1.2
380 3 0.44 0.96
381 1 1.15 0.55
381 2 1.49 1.2
381 3 0.44 0.96
382 1 1.15 0.55
382 2 1.49 1.2
382 3 0.44 0.96
383 1 1.14 0.55
383 2 1.48 1.2
383 3 0.44 0.96
384 1 1.14 0.55
384 2 1.48 1.18
384 3 0.44 0.96
385 1 1.14 0.55
385 2 1.47 1.18
385 3 0.44 0.96
386 1 1.13 0.56
386 2 1.47 1.18
386 3 0.44 0.97
387 1 1.13 0.56
387 2 1.46 1.17
387 3 0.44 0.97
388 1 1.13 0.56
388 2 1.46 1.16
388 3 0.44 0.97
389 1 1.12 0.56
389 2 1.46 1.17
389 3 0.44 0.97
390 1 1.12 0.55
390 2 1.45 1.17
390 3 0.44 0.97
391 1 1.11 0.55
391 2 1.45 1.17
391 3 0.44 0.97
392 1 1.11 0.55
392 2 1.43 1.17
392 3 0.44 0.97
393 1 1.11 0.55
393 2 1.42 1.17
393 3 0.44 0.97
394 1 1.1 0.55
394 2 1.42 1.17
394 3 0.44 0.97
395 1 1.1 0.55
395 2 1.41 1.17
395 3 0.44 0.97
396 1 1.1 0.55
396 2 1.4 1.16
396 3 0.44 0.97
397 1 1.1 0.55
397 2 1.4 1.16
397 3 0.44 0.97
398 1 1.1 0.55
398 2 1.39 1.16
398 3 0.44 0.97
399 1 1.09 0.55
399 2 1.39 1.16
399 3 0.44 0.97
400 1 1.09 0.55
400 2 1.38 1.15
400 3 0.44 0.97
401 1 1.08 0.55
401 2 1.38 1.15
401 3 0.44 0.97
402 1 1.08 0.55
402 2 1.38 1.15
402 3 0.44 0.97
403 1 1.08 0.55
403 2 1.37 1.15
403 3 0.44 0.97
404 1 1.07 0.55
404 2 1.37 1.15
404 3 0.44 0.97
405 1 1.07 0.55
405 2 1.36 1.14
405 3 0.44 0.97
406 1 1.06 0.55
406 2 1.36 1.15
406 3 0.44 0.97
407 1 1.06 0.55
407 2 1.35 1.14
407 3 0.44 0.97
408 1 1.06 0.55
408 2 1.35 1.14
408 3 0.44 0.97
409 1 1.05 0.55
409 2 1.34 1.14
409 3 0.44 0.97
410 1 1.05 0.55
410 2 1.34 1.15
410 3 0.44 0.97
411 1 1.05 0.55
411 2 1.33 1.15
411 3 0.44 0.97
412 1 1.05 0.55
412 2 1.32 1.15
412 3 0.44 0.97
413 1 1.04 0.55
413 2 1.31 1.16
413 3 0.44 0.97
414 1 1.04 0.55
414 2 1.31 1.17
414 3 0.44 0.97
415 1 1.04 0.55
415 2 1.3 1.17
415 3 0.44 0.97
416 1 1.03 0.55
416 2 1.29 1.17
416 3 0.44 0.97
417 1 1.03 0.55
417 2 1.29 1.17
417 3 0.44 0.97
418 1 1.02 0.56
418 2 1.29 1.17
418 3 0.44 0.97
419 1 1.02 0.56
419 2 1.28 1.17
419 3 0.44 0.97
420 1 1.02 0.56
420 2 1.28 1.16
420 3 0.44 0.97
421 1 1.01 0.55
421 2 1.27 1.16
421 3 0.44 0.97
422 1 1.01 0.55
422 2 1.27 1.16
422 3 0.44 0.97
423 1 1.0 0.56
423 2 1.26 1.15
423 3 0.44 0.97
424 1 1.0 0.56
424 2 1.26 1.14
424 3 0.44 0.97
425 1 1.0 0.55
425 2 1.25 1.12
425 3 0.44 0.97
426 1 1.0 0.55
426 2 1.25 1.11
426 3 0.43 0.98
427 1 0.99 0.55
427 2 1.25 1.11
427 3 0.43 0.99
428 1 0.99 0.55
428 2 1.24 1.11
428 3 0.43 0.99
429 1 0.99 0.55
429 2 1.23 1.11
429 3 0.43 1.0
430 1 0.98 0.55
430 2 1.23 1.11
430 3 0.43 1.0
431 1 0.98 0.55
431 2 1.22 1.11
431 3 0.43 1.02
432 1 0.98 0.55
432 2 1.21 1.11
432 3 0.43 1.02
433 1 0.97 0.55
433 2 1.21 1.11
433 3 0.42 1.03
434 1 0.97 0.55
434 2 1.2 1.1
434 3 0.42 1.04
435 1 0.96 0.55
435 2 1.2 1.1
435 3 0.42 1.05
436 1 0.96 0.55
436 2 1.19 1.1
436 3 0.42 1.06
437 1 0.96 0.55
437 2 1.19 1.1
437 3 0.42 1.06
438 1 0.95 0.55
438 2 1.18 1.1
438 3 0.41 1.06
439 1 0.95 0.55
439 2 1.18 1.09
439 3 0.41 1.07
440 1 0.94 0.55
440 2 1.18 1.08
440 3 0.41 1.07
441 1 0.94 0.54
441 2 1.17 1.08
441 3 0.4 1.07
442 1 0.94 0.55
442 2 1.16 1.07
442 3 0.4 1.08
443 1 0.93 0.55
443 2 1.16 1.06
443 3 0.39 1.08
444 1 0.93 0.55
444 2 1.15 1.06
444 3 0.39 1.08
445 1 0.93 0.54
445 2 1.15 1.06
445 3 0.38 1.08
446 1 0.93 0.55
446 2 1.15 1.07
446 3 0.38 1.08
447 1 0.92 0.55
447 2 1.14 1.06
447 3 0.37 1.09
448 1 0.92 0.55
448 2 1.14 1.06
448 3 0.37 1.09
449 1 0.91 0.55
449 2 1.13 1.06
449 3 0.36 1.1
450 1 0.91 0.55
450 2 1.13 1.07
450 3 0.36 1.12
451 1 0.91 0.55
451 2 1.12 1.07
451 3 0.35 1.15
452 1 0.9 0.55
452 2 1.12 1.07
452 3 0.35 1.18
453 1 0.9 0.55
453 2 1.12 1.07
453 3 0.35 1.2
454 1 0.89 0.55
454 2 1.11 1.07
454 3 0.35 1.21
455 1 0.89 0.55
455 2 1.11 1.07
455 3 0.34 1.23
456 1 0.89 0.55
456 2 1.1 1.06
456 3 0.34 1.24
457 1 0.88 0.55
457 2 1.1 1.06
457 3 0.33 1.25
458 1 0.88 0.55
458 2 1.1 1.05
458 3 0.33 1.25
459 1 0.88 0.55
459 2 1.09 1.04
459 3 0.33 1.24
460 1 0.88 0.55
460 2 1.09 1.04
460 3 0.32 1.25
461 1 0.87 0.55
461 2 1.09 1.01
461 3 0.32 1.25
462 1 0.87 0.55
462 2 1.08 1.0
462 3 0.31 1.25
463 1 0.87 0.55
463 2 1.08 0.99
463 3 0.31 1.25
464 1 0.86 0.55
464 2 1.07 0.99
464 3 0.3 1.26
465 1 0.86 0.55
465 2 1.07 0.99
465 3 0.29 1.28
466 1 0.86 0.56
466 2 1.07 0.99
466 3 0.29 1.31
467 1 0.86 0.56
467 2 1.07 0.99
467 3 0.29 1.34
468 1 0.85 0.57
468 2 1.06 0.99
468 3 0.28 1.36
469 1 0.85 0.57
469 2 1.06 0.99
469 3 0.27 1.38
470 1 0.85 0.58
470 2 1.05 0.99
470 3 0.27 1.39
471 1 0.84 0.58
471 2 1.05 0.99
471 3 0.26 1.41
472 1 0.84 0.58
472 2 1.05 0.99
472 3 0.25 1.42
473 1 0.84 0.58
473 2 1.05 0.99
473 3 0.24 1.42
474 1 0.84 0.58
474 2 1.04 0.98
474 3 0.23 1.42
475 1 0.84 0.58
475 2 1.04 0.98
475 3 0.23 1.42
476 1 0.83 0.59
476 2 1.04 0.97
476 3 0.22 1.42
477 1 0.83 0.59
477 2 1.03 0.96
477 3 0.21 1.43
478 1 0.83 0.59
478 2 1.03 0.94
478 3 0.21 1.45
479 1 0.83 0.59
479 2 1.02 0.93
479 3 0.2 1.48
480 1 0.82 0.59
480 2 1.02 0.92
480 3 0.19 1.52
481 1 0.82 0.59
481 2 1.02 0.92
481 3 0.18 1.55
482 1 0.82 0.59
482 2 1.02 0.91
482 3 0.17 1.56
483 1 0.82 0.59
483 2 1.02 0.91
483 3 0.16 1.57
484 1 0.82 0.59
484 2 1.01 0.91
484 3 0.16 1.59
485 1 0.81 0.6
485 2 1.01 0.91
485 3 0.15 1.6
486 1 0.81 0.6
486 2 1.01 0.91
486 3 0.14 1.6
487 1 0.81 0.61
487 2 1.01 0.91
487 3 0.13 1.63
488 1 0.81 0.61
488 2 1.0 0.91
488 3 0.12 1.62
489 1 0.81 0.61
489 2 1.0 0.91
489 3 0.12 1.65
490 1 0.8 0.61
490 2 1.0 0.91
491 1 0.8 0.61
491 2 1.0 0.91
492 1 0.8 0.62
492 2 1.0 0.91
493 1 0.8 0.62
493 2 1.0 0.9
494 1 0.8 0.62
494 2 1.0 0.89
495 1 0.8 0.62
495 2 1.0 0.89
496 1 0.79 0.62
496 2 1.0 0.88
497 1 0.79 0.62
497 2 1.0 0.88
498 1 0.79 0.62
498 2 1.0 0.86
499 1 0.79 0.63
499 2 1.0 0.85
500 1 0.79 0.63
500 2 1.0 0.84
501 1 0.79 0.64
501 2 0.99 0.83
502 1 0.79 0.65
502 2 0.99 0.83
503 1 0.79 0.66
503 2 0.99 0.83
504 1 0.79 0.66
504 2 0.99 0.83
505 1 0.79 0.67
505 2 0.99 0.83
506 1 0.79 0.67
506 2 0.99 0.84
507 1 0.79 0.67
507 2 0.99 0.83
508 1 0.79 0.67
508 2 0.99 0.83
509 1 0.79 0.67
509 2 0.98 0.83
510 1 0.79 0.67
510 2 0.98 0.83
511 1 0.79 0.67
511 2 0.98 0.83
512 1 0.79 0.67
512 2 0.98 0.82
513 1 0.79 0.67
513 2 0.98 0.82
514 1 0.79 0.67
514 2 0.98 0.81
515 1 0.79 0.68
515 2 0.98 0.81
516 1 0.79 0.69
516 2 0.98 0.8
517 1 0.79 0.69
517 2 0.98 0.79
518 1 0.79 0.7
518 2 0.98 0.79
519 1 0.79 0.71
519 2 0.98 0.78
520 1 0.79 0.72
520 2 0.98 0.78
521 1 0.79 0.72
521 2 0.98 0.78
522 1 0.79 0.72
522 2 0.98 0.78
523 1 0.8 0.72
523 2 0.98 0.78
524 1 0.8 0.73
524 2 0.98 0.78
525 1 0.8 0.73
525 2 0.98 0.78
526 1 0.8 0.73
526 2 0.98 0.78
527 1 0.8 0.73
527 2 0.98 0.78
528 1 0.8 0.73
528 2 0.98 0.78
529 1 0.8 0.73
529 2 0.98 0.78
530 1 0.8 0.73
530 2 0.98 0.78
531 1 0.8 0.73
531 2 0.98 0.77
532 1 0.8 0.74
532 2 0.99 0.77
533 1 0.81 0.75
533 2 0.99 0.77
534 1 0.81 0.76
534 2 0.99 0.77
535 1 0.81 0.76
535 2 0.99 0.76
536 1 0.81 0.77
536 2 0.99 0.76
537 1 0.81 0.77
537 2 0.99 0.76
538 1 0.81 0.78
538 2 0.99 0.76
539 1 0.82 0.78
539 2 0.99 0.76
540 1 0.82 0.78
540 2 0.99 0.76
541 1 0.82 0.78
541 2 0.99 0.76
542 1 0.82 0.78
542 2 0.99 0.76
543 1 0.83 0.78
543 2 1.0 0.76
544 1 0.83 0.78
544 2 1.0 0.76
545 1 0.83 0.78
545 2 1.0 0.76
546 1 0.83 0.78
546 2 1.0 0.76
547 1 0.83 0.79
547 2 1.0 0.76
548 1 0.83 0.8
548 2 0.99 0.76
549 1 0.84 0.81
549 2 0.99 0.76
550 1 0.84 0.82
550 2 0.99 0.76
551 1 0.84 0.82
551 2 0.99 0.76
552 1 0.85 0.82
552 2 0.99 0.76
553 1 0.85 0.82
553 2 0.99 0.76
554 1 0.85 0.83
554 2 0.99 0.75
555 1 0.85 0.83
555 2 0.99 0.75
556 1 0.85 0.83
556 2 0.99 0.75
557 1 0.85 0.83
557 2 0.99 0.75
558 1 0.86 0.83
558 2 0.99 0.75
559 1 0.86 0.83
559 2 0.99 0.74
560 1 0.86 0.84
560 2 0.99 0.74
561 1 0.86 0.84
561 2 0.99 0.74
562 1 0.87 0.83
562 2 0.99 0.74
563 1 0.87 0.83
563 2 0.99 0.74
564 1 0.87 0.83
564 2 0.99 0.74
565 1 0.88 0.83
565 2 0.99 0.74
566 1 0.88 0.84
566 2 0.99 0.74
567 1 0.88 0.84
567 2 0.99 0.74
568 1 0.89 0.84
568 2 0.99 0.73
569 1 0.89 0.84
569 2 0.99 0.73
570 1 0.89 0.84
570 2 0.99 0.73
571 1 0.9 0.84
571 2 1.0 0.73
572 1 0.89 0.84
572 2 1.0 0.73
573 1 0.9 0.84
573 2 1.0 0.73
574 1 0.9 0.84
574 2 1.0 0.73
575 1 0.91 0.84
575 2 1.0 0.73
576 1 0.91 0.84
576 2 1.0 0.73
577 1 0.92 0.84
577 2 1.0 0.73
578 1 0.92 0.85
578 2 1.01 0.73
579 1 0.93 0.85
579 2 1.01 0.73
580 1 0.93 0.85
580 2 1.01 0.73
581 1 0.94 0.85
581 2 1.01 0.72
582 1 0.94 0.85
582 2 1.02 0.72
583 1 0.95 0.84
583 2 1.02 0.72
584 1 0.95 0.84
584 2 1.02 0.71
585 1 0.95 0.84
585 2 1.03 0.71
586 1 0.96 0.84
586 2 1.03 0.7
587 1 0.96 0.84
587 2 1.03 0.7
588 1 0.96 0.84
588 2 1.04 0.7
589 1 0.97 0.84
589 2 1.04 0.69
590 1 0.97 0.84
590 2 1.04 0.69
591 1 0.98 0.84
591 2 1.04 0.69
592 1 0.98 0.83
592 2 1.04 0.69
593 1 0.99 0.83
593 2 1.05 0.69
594 1 1.0 0.83
594 2 1.05 0.69
595 1 1.0 0.84
595 2 1.05 0.69
596 1 1.0 0.84
596 2 1.05 0.7
597 1 1.0 0.84
597 2 1.05 0.7
598 1 1.01 0.84
598 2 1.05 0.7
599 1 1.01 0.84
599 2 1.05 0.69
600 1 1.01 0.83
600 2 1.05 0.7
601 1 1.02 0.83
601 2 1.05 0.71
602 1 1.02 0.83
602 2 1.05 0.7
603 1 1.02 0.83
603 2 1.06 0.69
604 1 1.02 0.83
604 2 1.06 0.69
605 2 1.06 0.7
606 2 1.06 0.7
607 2 1.06 0.69
608 2 1.06 0.69
609 2 1.06 0.7
610 2 1.06 0.7
611 2 1.06 0.7
612 2 1.07 0.69
613 2 1.07 0.69
614 2 1.07 0.68
614 1 1.07 0.79
615 2 1.07 0.69
615 1 1.07 0.79
616 2 1.08 0.66
616 1 1.08 0.79
617 2 1.08 0.64
617 1 1.08 0.79
618 2 1.08 0.64
618 1 1.08 0.79
619 2 1.08 0.63
619 1 1.09 0.79
620 2 1.08 0.62
620 1 1.09 0.8
621 2 1.09 0.61
621 1 1.1 0.79
622 2 1.09 0.6
622 1 1.1 0.79
623 2 1.09 0.59
623 1 1.11 0.79
624 2 1.09 0.59
624 1 1.11 0.79
625 2 1.09 0.59
625 1 1.12 0.79
626 2 1.09 0.59
626 1 1.13 0.8
627 2 1.1 0.59
627 1 1.13 0.8
628 2 1.1 0.59
628 1 1.13 0.8
629 2 1.1 0.59
629 1 1.14 0.8
630 2 1.1 0.6
630 1 1.14 0.8
631 2 1.1 0.6
631 1 1.14 0.8
632 2 1.1 0.6
632 1 1.15 0.8
633 2 1.1 0.6
633 1 1.15 0.8
634 2 1.1 0.6
634 1 1.15 0.8
635 2 1.1 0.6
635 1 1.16 0.8
636 2 1.1 0.59
636 1 1.17 0.79
637 2 1.1 0.59
637 1 1.17 0.78
638 2 1.1 0.58
638 1 1.17 0.78
639 2 1.1 0.58
639 1 1.18 0.78
640 2 1.1 0.57
640 1 1.19 0.78
641 2 1.1 0.56
641 1 1.19 0.79
642 2 1.1 0.56
642 1 1.19 0.79
643 2 1.1 0.55
643 1 1.2 0.79
644 2 1.1 0.55
644 1 1.2 0.79
645 2 1.1 0.55
645 1 1.21 0.79
646 2 1.1 0.55
646 1 1.21 0.8
647 2 1.1 0.55
647 1 1.21 0.79
648 2 1.1 0.55
648 1 1.22 0.79
649 2 1.1 0.55
649 1 1.22 0.8
650 2 1.1 0.55
650 1 1.23 0.8
651 2 1.1 0.55
651 1 1.23 0.8
652 2 1.1 0.55
652 1 1.24 0.8
653 2 1.1 0.55
653 1 1.24 0.8
654 2 1.1 0.55
654 1 1.25 0.8
655 2 1.1 0.55
655 1 1.25 0.8
656 2 1.1 0.55
656 1 1.26 0.81
657 2 1.1 0.54
657 1 1.26 0.81
658 2 1.09 0.54
658 1 1.26 0.81
659 2 1.09 0.53
659 1 1.27 0.81
660 2 1.09 0.53
660 1 1.27 0.81
661 2 1.09 0.53
661 1 1.28 0.81
662 2 1.09 0.53
662 1 1.28 0.81
663 2 1.09 0.53
663 1 1.29 0.82
664 2 1.08 0.53
664 1 1.29 0.82
665 2 1.08 0.53
665 1 1.29 0.82
666 2 1.08 0.53
666 1 1.29 0.82
667 2 1.08 0.53
667 1 1.3 0.82
668 2 1.07 0.53
668 1 1.31 0.82
669 2 1.07 0.53
669 1 1.31 0.82
670 2 1.07 0.53
670 1 1.32 0.82
671 2 1.07 0.53
671 1 1.32 0.82
672 2 1.06 0.53
672 1 1.33 0.83
673 2 1.06 0.53
673 1 1.33 0.83
674 2 1.06 0.52
674 1 1.33 0.84
675 2 1.06 0.52
675 1 1.34 0.85
676 2 1.06 0.52
676 1 1.34 0.85
677 2 1.05 0.52
677 1 1.35 0.86
678 2 1.05 0.52
678 1 1.35 0.86
679 2 1.04 0.52
679 1 1.35 0.86
680 2 1.04 0.52
680 1 1.36 0.87
681 2 1.04 0.52
681 1 1.36 0.87
682 2 1.04 0.52
682 1 1.37 0.87
683 2 1.04 0.52
683 1 1.38 0.87
684 2 1.04 0.52
684 1 1.38 0.87
685 2 1.03 0.52
685 1 1.39 0.87
686 2 1.03 0.52
686 1 1.39 0.87
687 2 1.02 0.52
687 1 1.39 0.87
688 2 1.02 0.51
688 1 1.4 0.87
689 2 1.02 0.52
689 1 1.4 0.88
690 2 1.02 0.52
690 1 1.4 0.88
691 2 1.01 0.52
691 1 1.41 0.89
692 2 1.01 0.52
692 1 1.41 0.9
693 2 1.01 0.52
693 1 1.41 0.9
694 2 1.0 0.52
694 1 1.42 0.91
695 2 1.0 0.52
695 1 1.43 0.91
696 2 1.0 0.52
696 1 1.43 0.92
697 2 1.0 0.52
697 1 1.43 0.92
698 2 1.0 0.52
698 1 1.44 0.92
699 2 1.0 0.52
699 1 1.44 0.93
700 2 0.99 0.52
700 1 1.45 0.93
701 2 0.99 0.52
701 1 1.45 0.93
702 2 0.99 0.52
702 1 1.46 0.93
703 2 0.98 0.52
703 1 1.46 0.93
704 2 0.98 0.52
704 1 1.46 0.95
705 2 0.98 0.52
705 1 1.47 0.96
706 2 0.98 0.52
706 1 1.47 0.98
707 2 0.97 0.53
707 1 1.47 0.99
708 2 0.97 0.53
708 1 1.47 1.0
709 2 0.97 0.53
709 1 1.48 1.0
710 2 0.96 0.54
710 1 1.48 1.0
711 2 0.96 0.54
711 1 1.48 1.0
712 2 0.96 0.53
712 1 1.48 1.0
713 2 0.96 0.54
713 1 1.48 1.0
714 2 0.96 0.53
714 1 1.48 1.0
715 2 0.96 0.53
715 1 1.48 1.0
716 2 0.95 0.53
716 1 1.48 1.0
717 2 0.95 0.53
717 1 1.48 1.0
718 2 0.95 0.53
718 1 1.49 1.01
719 2 0.94 0.53
719 1 1.49 1.02
720 2 0.94 0.53
720 1 1.49 1.04
721 2 0.94 0.53
721 1 1.49 1.06
722 2 0.94 0.53
722 1 1.49 1.07
723 2 0.94 0.53
723 1 1.49 1.07
724 2 0.94 0.53
724 1 1.49 1.08
725 2 0.94 0.53
725 1 1.49 1.08
726 2 0.93 0.54
726 1 1.49 1.08
727 2 0.93 0.54
727 1 1.49 1.09
728 2 0.93 0.54
728 1 1.49 1.09
729 2 0.93 0.53
729 1 1.49 1.09
730 2 0.93 0.53
730 1 1.49 1.09
731 2 0.93 0.53
731 1 1.49 1.09
732 2 0.92 0.53
732 1 1.49 1.08
733 2 0.92 0.53
733 1 1.48 1.08
734 2 0.92 0.53
734 1 1.48 1.08
735 2 0.92 0.53
735 1 1.48 1.08
736 2 0.92 0.53
736 1 1.47 1.08
737 2 0.92 0.53
737 1 1.47 1.09
738 2 0.92 0.53
738 1 1.46 1.09
739 2 0.92 0.53
739 1 1.46 1.09
740 2 0.92 0.53
740 1 1.46 1.09
741 2 0.92 0.53
741 1 1.45 1.09
742 2 0.92 0.53
742 1 1.45 1.09
743 2 0.92 0.53
743 1 1.45 1.09
744 2 0.92 0.53
744 1 1.44 1.09
745 2 0.91 0.53
745 1 1.44 1.09
746 2 0.91 0.53
746 1 1.44 1.08
747 2 0.91 0.53
747 1 1.44 1.09
748 2 0.91 0.53
748 1 1.44 1.09
749 2 0.91 0.54
749 1 1.43 1.1
750 2 0.91 0.53
750 1 1.43 1.1
751 2 0.91 0.53
751 1 1.42 1.1
752 2 0.91 0.53
752 1 1.41 1.1
753 2 0.9 0.53
753 1 1.41 1.1
754 2 0.9 0.53
754 1 1.4 1.09
755 2 0.9 0.53
755 1 1.39 1.09
756 2 0.9 0.53
756 1 1.39 1.08
757 2 0.9 0.53
757 1 1.39 1.08
758 2 0.9 0.53
758 1 1.38 1.08
759 2 0.89 0.53
759 1 1.38 1.09
760 2 0.89 0.53
760 1 1.38 1.08
761 2 0.89 0.53
761 1 1.37 1.08
762 2 0.89 0.53
762 1 1.37 1.09
763 2 0.88 0.53
763 1 1.36 1.09
764 2 0.88 0.53
764 1 1.36 1.09
765 2 0.88 0.53
765 1 1.35 1.09
766 2 0.88 0.53
766 1 1.35 1.09
767 2 0.88 0.53
767 1 1.34 1.09
768 2 0.87 0.53
768 1 1.33 1.09
769 2 0.87 0.53
769 1 1.32 1.09
770 2 0.87 0.53
770 1 1.32 1.09
771 2 0.87 0.53
771 1 1.32 1.09
772 2 0.86 0.53
772 1 1.32 1.08
773 2 0.86 0.53
773 1 1.31 1.08
774 2 0.86 0.53
774 1 1.31 1.08
775 2 0.86 0.53
775 1 1.31 1.08
776 2 0.85 0.53
776 1 1.31 1.08
777 2 0.85 0.53
777 1 1.3 1.07
778 2 0.85 0.53
778 1 1.3 1.07
779 2 0.85 0.53
779 1 1.29 1.06
780 2 0.85 0.53
780 1 1.29 1.07
781 2 0.84 0.53
781 1 1.29 1.07
782 2 0.84 0.53
782 1 1.28 1.06
783 2 0.84 0.53
783 1 1.27 1.06
784 2 0.83 0.53
784 1 1.27 1.06
785 2 0.83 0.53
785 1 1.27 1.05
786 2 0.83 0.53
786 1 1.26 1.05
787 2 0.83 0.52
787 1 1.26 1.05
788 2 0.83 0.52
788 1 1.26 1.05
789 2 0.82 0.52
789 1 1.25 1.05
790 2 0.82 0.52
790 1 1.25 1.04
791 2 0.82 0.52
791 1 1.25 1.04
792 2 0.81 0.52
792 1 1.25 1.03
793 2 0.81 0.51
793 1 1.25 1.03
794 2 0.81 0.51
794 1 1.25 1.03
795 2 0.8 0.51
795 1 1.24 1.02
796 2 0.8 0.51
796 1 1.24 1.02
797 2 0.79 0.51
797 1 1.24 1.02
798 2 0.79 0.51
798 1 1.24 1.02
799 2 0.79 0.51
799 1 1.24 1.02
800 2 0.79 0.51
800 1 1.24 1.02
801 2 0.78 0.51
801 1 1.23 1.02
802 2 0.78 0.51
802 1 1.23 1.02
803 2 0.78 0.51
803 1 1.23 1.01
804 2 0.77 0.5
804 1 1.23 1.02
805 2 0.77 0.5
805 1 1.23 1.02
806 2 0.77 0.5
806 1 1.23 1.01
807 2 0.77 0.5
807 1 1.23 1.01
808 2 0.76 0.5
808 1 1.23 1.0
809 2 0.76 0.5
809 1 1.23 1.0
810 2 0.75 0.51
810 1 1.23 0.99
811 2 0.75 0.5
811 1 1.23 0.98
812 2 0.75 0.5
812 1 1.22 0.97
813 2 0.74 0.49
813 1 1.22 0.95
814 2 0.74 0.5
814 1 1.22 0.95
815 2 0.73 0.5
815 1 1.22 0.95
816 2 0.73 0.5
816 1 1.22 0.94
817 2 0.73 0.5
817 1 1.22 0.94
818 2 0.73 0.5
818 1 1.22 0.94
819 2 0.72 0.5
819 1 1.22 0.94
820 2 0.72 0.5
820 1 1.21 0.94
821 2 0.72 0.5
821 1 1.21 0.94
822 2 0.71 0.5
822 1 1.21 0.94
823 2 0.71 0.5
823 1 1.21 0.94
824 2 0.71 0.5
824 1 1.21 0.94
825 2 0.71 0.5
825 1 1.21 0.93
826 2 0.71 0.5
826 1 1.21 0.93
827 2 0.7 0.5
827 1 1.21 0.92
828 2 0.7 0.5
828 1 1.21 0.91
829 2 0.69 0.49
829 1 1.21 0.9
830 2 0.69 0.49
830 1 1.21 0.9
831 2 0.68 0.48
831 1 1.2 0.89
832 2 0.68 0.49
832 1 1.2 0.88
833 2 0.67 0.49
833 1 1.2 0.88
834 2 0.67 0.49
834 1 1.2 0.89
835 2 0.67 0.48
835 1 1.2 0.89
836 2 0.66 0.48
836 1 1.2 0.89
837 2 0.66 0.49
837 1 1.2 0.89
838 2 0.66 0.48
838 1 1.2 0.89
839 2 0.66 0.48
839 1 1.2 0.88
840 2 0.65 0.48
840 1 1.2 0.88
841 2 0.65 0.48
841 1 1.2 0.88
842 2 0.65 0.48
842 1 1.2 0.88
843 2 0.65 0.47
843 1 1.2 0.87
844 2 0.64 0.48
844 1 1.2 0.87
845 2 0.64 0.48
845 1 1.2 0.86
846 2 0.64 0.48
846 1 1.2 0.85
847 2 0.63 0.47
847 1 1.2 0.85
848 2 0.63 0.47
848 1 1.2 0.84
849 2 0.62 0.46
849 1 1.2 0.84
850 2 0.62 0.46
850 1 1.2 0.84
851 2 0.62 0.46
851 1 1.2 0.83
852 2 0.62 0.47
852 1 1.2 0.83
853 2 0.61 0.47
853 1 1.2 0.83
854 2 0.61 0.47
854 1 1.2 0.83
855 2 0.61 0.47
855 1 1.2 0.83
856 2 0.61 0.47
856 1 1.2 0.83
857 2 0.61 0.47
857 1 1.2 0.83
858 2 0.61 0.47
858 1 1.2 0.83
859 2 0.6 0.46
859 1 1.2 0.83
860 2 0.6 0.46
860 1 1.2 0.83
861 2 0.6 0.46
861 1 1.2 0.83
862 2 0.6 0.46
862 1 1.2 0.83
863 2 0.6 0.46
863 1 1.2 0.83
864 2 0.6 0.45
864 1 1.2 0.83
865 2 0.59 0.45
865 1 1.2 0.83
866 2 0.59 0.45
866 1 1.2 0.83
867 2 0.59 0.44
867 1 1.2 0.83
868 2 0.59 0.43
868 1 1.19 0.83
869 2 0.59 0.43
869 1 1.19 0.83
870 2 0.58 0.43
870 1 1.19 0.83
871 2 0.58 0.43
871 1 1.19 0.83
872 2 0.58 0.42
872 1 1.19 0.83
873 2 0.58 0.42
873 1 1.19 0.83
874 2 0.58 0.42
874 1 1.19 0.83
875 2 0.58 0.42
875 1 1.19 0.83
876 2 0.57 0.42
876 1 1.19 0.83
877 2 0.57 0.42
877 1 1.19 0.83
878 2 0.57 0.43
878 1 1.19 0.83
879 2 0.57 0.43
879 1 1.19 0.83
880 2 0.57 0.42
880 1 1.19 0.83
881 2 0.57 0.42
881 1 1.19 0.83
882 2 0.57 0.41
882 1 1.19 0.83
883 2 0.56 0.4
883 1 1.19 0.83
884 2 0.56 0.4
884 1 1.19 0.83
885 2 0.56 0.39
885 1 1.19 0.82
886 2 0.56 0.39
886 1 1.19 0.82
887 2 0.56 0.39
887 1 1.19 0.82
888 2 0.56 0.38
888 1 1.18 0.82
889 2 0.56 0.38
889 1 1.18 0.82
890 2 0.56 0.39
890 1 1.18 0.81
891 2 0.56 0.39
891 1 1.18 0.81
892 2 0.56 0.39
892 1 1.17 0.82
893 2 0.56 0.38
893 1 1.17 0.81
894 2 0.56 0.38
894 1 1.17 0.81
895 2 0.56 0.38
895 1 1.17 0.81
896 2 0.56 0.38
896 1 1.16 0.81
897 2 0.56 0.38
897 1 1.16 0.81
898 2 0.56 0.38
898 1 1.16 0.81
899 2 0.56 0.38
899 1 1.16 0.8
900 2 0.56 0.37
900 1 1.15 0.8
901 2 0.56 0.36
901 1 1.15 0.79
902 2 0.56 0.35
902 1 1.15 0.79
903 2 0.56 0.35
903 1 1.15 0.78
904 2 0.56 0.34
904 1 1.15 0.78
905 2 0.56 0.34
905 1 1.14 0.78
906 2 0.56 0.34
906 1 1.14 0.78
907 2 0.56 0.34
907 1 1.14 0.78
908 2 0.56 0.35
908 1 1.14 0.78
909 2 0.56 0.35
909 1 1.13 0.79
910 2 0.56 0.35
910 1 1.13 0.79
911 2 0.56 0.35
911 1 1.12 0.79
912 2 0.56 0.35
912 1 1.12 0.78
913 2 0.56 0.35
913 1 1.12 0.78
914 2 0.56 0.34
914 1 1.12 0.78
915 2 0.56 0.34
915 1 1.12 0.78
916 2 0.56 0.33
916 1 1.11 0.78
917 2 0.56 0.33
917 1 1.11 0.78
918 2 0.56 0.32
918 1 1.11 0.78
919 2 0.56 0.3
919 1 1.11 0.77
920 2 0.56 0.3
920 1 1.1 0.77
921 2 0.56 0.3
921 1 1.1 0.76
922 2 0.56 0.3
922 1 1.1 0.76
923 2 0.56 0.3
923 1 1.1 0.76
924 2 0.56 0.3
924 1 1.09 0.76
925 2 0.56 0.3
925 1 1.09 0.76
926 2 0.56 0.3
926 1 1.08 0.75
927 2 0.56 0.3
927 1 1.08 0.75
928 2 0.56 0.3
928 1 1.08 0.75
929 2 0.56 0.29
929 1 1.07 0.75
930 2 0.56 0.28
930 1 1.07 0.75
931 2 0.56 0.28
931 1 1.07 0.75
932 2 0.56 0.28
932 1 1.07 0.75
933 2 0.56 0.27
933 1 1.07 0.75
934 2 0.57 0.26
934 1 1.06 0.74
935 2 0.57 0.25
935 1 1.06 0.74
936 2 0.57 0.25
936 1 1.06 0.74
937 2 0.57 0.25
937 1 1.06 0.75
938 2 0.57 0.25
938 1 1.05 0.75
939 2 0.57 0.25
939 1 1.05 0.75
940 2 0.57 0.25
940 1 1.05 0.75
941 2 0.57 0.25
941 1 1.04 0.75
942 2 0.57 0.25
942 1 1.04 0.75
943 2 0.57 0.25
943 1 1.04 0.75
944 2 0.57 0.25
944 1 1.03 0.75
945 2 0.57 0.25
945 1 1.03 0.74
946 2 0.57 0.25
946 1 1.02 0.74
947 2 0.58 0.25
947 1 1.02 0.74
948 2 0.58 0.24
948 1 1.02 0.74
949 2 0.58 0.24
949 1 1.02 0.74
950 2 0.58 0.23
950 1 1.02 0.74
951 2 0.58 0.23
951 1 1.02 0.74
952 2 0.58 0.23
952 1 1.02 0.74
953 2 0.58 0.22
953 1 1.01 0.74
954 2 0.59 0.22
954 1 1.01 0.74
955 2 0.59 0.21
955 1 1.01 0.74
956 2 0.59 0.21
956 1 1.0 0.74
957 2 0.59 0.21
957 1 1.0 0.74
958 2 0.6 0.21
958 1 1.0 0.74
959 2 0.6 0.21
959 1 0.99 0.74
960 2 0.6 0.21
960 1 0.99 0.74
961 2 0.6 0.2
961 1 0.99 0.74
962 2 0.6 0.2
962 1 0.98 0.74
963 2 0.6 0.2
963 1 0.98 0.74
964 2 0.6 0.2
964 1 0.98 0.74
965 2 0.6 0.2
965 1 0.98 0.74
966 2 0.61 0.2
966 1 0.98 0.74
967 2 0.61 0.19
967 1 0.98 0.74
968 1 0.97 0.75
969 1 0.97 0.75
970 1 0.97 0.75
971 1 0.97 0.75
972 1 0.96 0.75
973 1 0.96 0.75
974 1 0.96 0.75
975 1 0.96 0.75
976 1 0.95 0.75
977 1 0.95 0.76
978 1 0.95 0.76
979 1 0.94 0.76
980 1 0.94 0.76
981 1 0.94 0.76
982 1 0.94 0.76
983 1 0.94 0.76
984 1 0.94 0.76
985 1 0.94 0.76
986 1 0.93 0.76
987 1 0.93 0.76
988 1 0.93 0.77
989 1 0.93 0.77
990 1 0.93 0.78
991 1 0.92 0.79
992 1 0.92 0.8
993 1 0.92 0.8
994 1 0.92 0.81
995 1 0.92 0.81
996 1 0.92 0.81
997 1 0.92 0.81
998 1 0.92 0.81
999 1 0.92 0.82
1000 1 0.92 0.82
1001 1 0.92 0.82
1002 1 0.92 0.81
1003 1 0.92 0.81
1004 1 0.92 0.81
1005 1 0.92 0.82
1006 1 0.92 0.82
1007 1 0.92 0.83
1008 1 0.92 0.84
1009 1 0.92 0.85
1010 1 0.92 0.86
1011 1 0.92 0.86
1012 1 0.92 0.87
1013 1 0.92 0.87
1014 1 0.92 0.87
1015 1 0.92 0.87
1016 1 0.92 0.87
1017 1 0.92 0.87
1018 1 0.92 0.87
1019 1 0.92 0.88
1020 1 0.92 0.88
1021 1 0.92 0.88
1022 1 0.92 0.88
1023 1 0.92 0.89
1024 1 0.92 0.9
1025 1 0.92 0.91
1026 1 0.92 0.92
1027 1 0.93 0.93
1028 1 0.93 0.93
1029 1 0.93 0.93
1030 1 0.93 0.93
1031 1 0.93 0.92
1032 1 0.94 0.92
1033 1 0.94 0.93
1034 1 0.94 0.92
1035 1 0.94 0.93
1036 1 0.95 0.93
1037 1 0.95 0.94
1038 1 0.95 0.95
1039 1 0.95 0.96
1040 1 0.96 0.98
1041 1 0.96 0.98
1042 1 0.96 0.99
1043 1 0.96 0.99
1044 1 0.97 1.0
1045 1 0.97 1.0
1046 1 0.97 1.0
1047 1 0.98 1.0
1048 1 0.98 1.0
1049 1 0.98 1.0
1050 1 0.98 1.0
1051 1 0.99 1.0
1052 1 0.99 1.0
1053 1 0.99 1.0
1054 1 1.0 1.0
1055 1 1.0 1.01
1056 1 1.0 1.01
1057 1 1.0 1.01
1058 1 1.01 1.02
1059 1 1.01 1.02
1060 1 1.02 1.02
1061 1 1.02 1.02
1062 1 1.02 1.02
1063 1 1.03 1.02
1064 1 1.03 1.02
1065 1 1.04 1.02
1066 1 1.04 1.02
1067 1 1.04 1.03
1068 1 1.05 1.04
1069 1 1.05 1.04
1070 1 1.06 1.05
1071 1 1.06 1.05
1072 1 1.07 1.06
1073 1 1.07 1.06
1074 1 1.08 1.05
1075 1 1.08 1.05
1076 1 1.08 1.05
1077 1 1.08 1.05
1078 1 1.09 1.04
1079 1 1.09 1.04
1080 1 1.1 1.04
1081 1 1.1 1.04
1082 1 1.11 1.05
1083 1 1.11 1.05
1084 1 1.12 1.05
1085 1 1.13 1.05
1086 1 1.13 1.05
1087 1 1.13 1.05
1088 1 1.14 1.05
1089 1 1.14 1.05
1090 1 1.14 1.05
1091 1 1.14 1.05
1092 1 1.15 1.05
1093 1 1.15 1.05
1094 1 1.15 1.04
1095 1 1.16 1.02
1096 1 1.17 1.02
1097 1 1.17 1.02
1098 1 1.17 1.02
1099 1 1.18 1.02
1100 1 1.18 1.02
1101 1 1.18 1.02
1101 6 1.44 0.37
1102 1 1.18 1.01
1102 6 1.44 0.37
1103 1 1.18 1.01
1103 6 1.43 0.37
1104 1 1.18 1.01
1104 6 1.43 0.37
1105 1 1.19 1.01
1105 6 1.43 0.37
1106 1 1.19 1.01
1106 6 1.42 0.37
1107 1 1.19 1.01
1107 6 1.42 0.37
1108 1 1.19 1.01
1108 6 1.42 0.37
1109 1 1.2 1.01
1109 6 1.41 0.37
1110 1 1.2 1.0
1110 6 1.41 0.37
1111 1 1.2 1.0
1111 6 1.41 0.38
1112 1 1.21 0.99
1112 6 1.4 0.38
1113 1 1.21 0.99
1113 6 1.4 0.38
1114 1 1.21 0.98
1114 6 1.39 0.38
1115 1 1.21 0.98
1115 6 1.39 0.38
1116 1 1.21 0.98
1116 6 1.39 0.38
1117 1 1.21 0.98
1117 6 1.38 0.38
1118 1 1.22 0.98
1118 6 1.38 0.38
1119 1 1.22 0.98
1119 6 1.38 0.38
1120 1 1.21 0.98
1120 6 1.38 0.38
1121 1 1.21 0.98
1121 6 1.37 0.38
1122 1 1.21 0.98
1122 6 1.37 0.38
1123 1 1.21 0.97
1123 6 1.36 0.38
1124 1 1.21 0.96
1124 6 1.36 0.38
1125 1 1.21 0.95
1125 6 1.35 0.38
1126 1 1.21 0.94
1126 6 1.35 0.38
1127 1 1.21 0.93
1127 6 1.35 0.38
1128 1 1.2 0.92
1128 6 1.34 0.38
1129 1 1.2 0.92
1129 6 1.34 0.38
1130 1 1.2 0.92
1130 6 1.33 0.38
1131 1 1.2 0.92
1131 6 1.33 0.38
1132 1 1.2 0.92
1132 6 1.33 0.38
1133 1 1.2 0.92
1133 6 1.32 0.38
1134 1 1.2 0.92
1134 6 1.32 0.38
1135 1 1.19 0.92
1135 6 1.32 0.38
1136 1 1.19 0.91
1136 6 1.31 0.38
1137 1 1.19 0.91
1137 6 1.31 0.38
1138 1 1.19 0.91
1138 6 1.31 0.38
1139 1 1.19 0.91
1139 6 1.3 0.39
1140 1 1.19 0.91
1140 6 1.29 0.39
1141 1 1.18 0.91
1141 6 1.29 0.39
1142 1 1.18 0.9
1142 6 1.29 0.39
1143 1 1.18 0.89
1143 6 1.28 0.39
1144 1 1.18 0.88
1144 6 1.28 0.39
1145 1 1.17 0.87
1145 6 1.27 0.39
1146 1 1.17 0.87
1146 6 1.27 0.39
1147 1 1.16 0.86
1147 6 1.27 0.39
1148 1 1.16 0.86
1148 6 1.26 0.39
1149 1 1.15 0.85
1149 6 1.26 0.39
1150 1 1.15 0.85
1150 6 1.25 0.39
1151 1 1.15 0.85
1151 6 1.25 0.39
1152 1 1.15 0.85
1152 6 1.25 0.39
1153 1 1.15 0.84
1153 6 1.24 0.39
1154 1 1.14 0.84
1154 6 1.24 0.39
1155 1 1.14 0.84
1155 6 1.23 0.39
1156 1 1.14 0.84
1156 6 1.23 0.39
1157 1 1.14 0.84
1157 6 1.23 0.39
1158 1 1.13 0.84
1158 6 1.22 0.38
1159 1 1.13 0.84
1159 6 1.22 0.38
1160 1 1.13 0.84
1160 6 1.21 0.38
1161 1 1.13 0.84
1161 6 1.21 0.38
1162 1 1.12 0.84
1162 6 1.21 0.38
1163 1 1.12 0.84
1163 6 1.2 0.38
1164 1 1.11 0.84
1164 6 1.2 0.39
1165 1 1.11 0.84
1165 6 1.19 0.39
1166 1 1.1 0.85
1166 6 1.19 0.39
1167 1 1.1 0.85
1167 6 1.18 0.39
1168 1 1.1 0.85
1168 6 1.18 0.38
1169 1 1.09 0.85
1169 6 1.18 0.39
1170 1 1.09 0.85
1170 6 1.17 0.39
1171 1 1.09 0.84
1171 6 1.17 0.39
1172 1 1.09 0.84
1172 6 1.16 0.39
1173 1 1.08 0.84
1173 6 1.16 0.39
1174 1 1.08 0.84
1174 6 1.16 0.39
1175 1 1.08 0.84
1175 6 1.15 0.38
1176 1 1.08 0.84
1176 6 1.15 0.38
1177 1 1.07 0.84
1177 6 1.14 0.38
1178 1 1.07 0.85
1178 6 1.14 0.38
1179 1 1.07 0.86
1179 6 1.13 0.39
1180 1 1.07 0.86
1180 6 1.12 0.39
1181 1 1.06 0.87
1181 6 1.12 0.39
1182 1 1.06 0.87
1182 6 1.12 0.39
1183 1 1.06 0.88
1183 6 1.11 0.38
1184 1 1.06 0.88
1184 6 1.11 0.38
1185 1 1.05 0.88
1185 6 1.11 0.38
1186 1 1.05 0.88
1186 6 1.1 0.38
1187 1 1.05 0.88
1187 6 1.1 0.39
1188 1 1.05 0.88
1188 6 1.09 0.39
1189 1 1.05 0.88
1189 6 1.09 0.39
1190 1 1.05 0.88
1190 6 1.08 0.39
1191 1 1.05 0.88
1191 6 1.08 0.39
1192 1 1.05 0.88
1192 6 1.07 0.39
1193 1 1.04 0.88
1193 6 1.07 0.39
1194 1 1.04 0.88
1194 6 1.06 0.39
1195 1 1.04 0.88
1195 6 1.06 0.39
1196 1 1.04 0.89
1196 6 1.06 0.39
1197 1 1.04 0.9
1197 6 1.06 0.39
1198 1 1.04 0.91
1198 6 1.05 0.39
1199 1 1.04 0.92
1199 6 1.05 0.39
1200 1 1.04 0.92
1200 6 1.04 0.4
1201 1 1.04 0.93
1201 6 1.04 0.39
1202 1 1.03 0.93
1202 6 1.04 0.39
1203 1 1.03 0.92
1203 6 1.03 0.39
1204 1 1.03 0.92
1204 6 1.02 0.39
1205 1 1.03 0.92
1205 6 1.02 0.39
1206 1 1.03 0.92
1206 6 1.01 0.39
1207 1 1.03 0.92
1207 6 1.01 0.4
1208 1 1.03 0.93
1208 6 1.01 0.4
1209 1 1.03 0.93
1209 6 1.0 0.4
1210 1 1.03 0.93
1210 6 1.0 0.4
1211 1 1.03 0.94
1211 6 1.0 0.39
1212 1 1.03 0.94
1212 6 0.99 0.39
1213 1 1.03 0.96
1213 6 0.99 0.39
1214 1 1.03 0.97
1214 6 0.98 0.39
1215 1 1.03 0.98
1215 6 0.98 0.4
1216 1 1.03 0.99
1216 6 0.97 0.4
1217 1 1.03 1.0
1217 6 0.97 0.41
1218 1 1.03 1.0
1218 6 0.96 0.41
1219 1 1.04 1.0
1219 6 0.96 0.41
1220 1 1.04 1.0
1220 6 0.95 0.41
1221 1 1.04 1.01
1221 6 0.95 0.41
1222 1 1.04 1.01
1222 6 0.95 0.41
1223 1 1.04 1.01
1223 6 0.94 0.41
1224 1 1.04 1.0
1224 6 0.94 0.41
1225 1 1.04 1.0
1225 6 0.94 0.41
1226 1 1.04 1.0
1226 6 0.93 0.41
1227 1 1.04 1.01
1227 6 0.93 0.41
1228 1 1.04 1.0
1228 6 0.92 0.41
1229 1 1.04 1.01
1229 6 0.92 0.41
1230 1 1.04 1.02
1230 6 0.91 0.41
1231 1 1.04 1.03
1231 6 0.91 0.42
1232 1 1.04 1.04
1232 6 0.9 0.41
1233 1 1.04 1.05
1233 6 0.9 0.42
1234 1 1.04 1.06
1234 6 0.9 0.42
1235 1 1.04 1.06
1235 6 0.89 0.42
1236 1 1.04 1.06
1236 6 0.89 0.43
1237 1 1.04 1.06
1237 6 0.89 0.43
1238 1 1.04 1.06
1238 6 0.88 0.43
1239 1 1.03 1.06
1239 6 0.87 0.43
1240 1 1.03 1.06
1240 6 0.87 0.43
1241 1 1.03 1.06
1241 6 0.87 0.43
1242 1 1.03 1.06
1242 6 0.86 0.43
1243 1 1.03 1.07
1243 6 0.86 0.44
1244 1 1.02 1.08
1244 6 0.85 0.44
1245 1 1.02 1.08
1245 6 0.85 0.44
1246 1 1.02 1.1
1246 6 0.84 0.44
1247 1 1.02 1.1
1247 6 0.84 0.45
1248 1 1.01 1.11
1248 6 0.83 0.45
1249 1 1.01 1.11
1249 6 0.83 0.45
1250 1 1.01 1.11
1250 6 0.83 0.45
1251 1 1.0 1.1
1251 6 0.82 0.45
1252 1 1.0 1.1
1252 6 0.82 0.45
1253 1 1.0 1.1
1253 6 0.81 0.46
1254 1 1.0 1.1
1254 6 0.81 0.45
1255 1 1.0 1.1
1255 6 0.8 0.45
1256 1 1.0 1.1
1256 6 0.8 0.45
1257 1 1.0 1.1
1257 6 0.79 0.45
1258 1 0.99 1.1
1258 6 0.79 0.45
1259 1 0.99 1.1
1259 6 0.79 0.46
1260 1 0.99 1.1
1260 6 0.78 0.46
1261 1 0.98 1.1
1261 6 0.78 0.46
1262 1 0.98 1.1
1262 6 0.77 0.47
1263 1 0.98 1.11
1263 6 0.77 0.46
1264 1 0.97 1.11
1264 6 0.77 0.47
1265 1 0.97 1.11
1265 6 0.76 0.47
1266 1 0.96 1.1
1266 6 0.75 0.47
1267 1 0.96 1.1
1267 6 0.75 0.47
1268 1 0.96 1.1
1268 6 0.75 0.48
1269 1 0.95 1.1
1269 6 0.74 0.48
1270 1 0.95 1.1
1270 6 0.74 0.49
1271 1 0.95 1.1
1271 6 0.73 0.49
1272 1 0.95 1.09
1272 6 0.73 0.49
1273 1 0.94 1.09
1273 6 0.72 0.49
1274 1 0.94 1.08
1274 6 0.72 0.49
1275 1 0.94 1.08
1275 6 0.71 0.49
1276 1 0.93 1.08
1276 6 0.71 0.49
1277 1 0.93 1.07
1277 6 0.71 0.49
1278 1 0.93 1.07
1278 6 0.7 0.5
1279 1 0.92 1.07
1279 6 0.69 0.5
1280 1 0.92 1.07
1280 6 0.69 0.5
1281 1 0.92 1.07
1281 6 0.68 0.5
1282 1 0.91 1.07
1282 6 0.68 0.5
1283 1 0.91 1.06
1283 6 0.67 0.5
1284 1 0.91 1.06
1284 6 0.67 0.5
1285 1 0.91 1.06
1285 6 0.67 0.5
1286 1 0.9 1.06
1286 6 0.66 0.5
1287 1 0.9 1.06
1287 6 0.66 0.51
1288 1 0.9 1.05
1288 6 0.65 0.51
1289 1 0.9 1.05
1289 6 0.65 0.51
1290 1 0.9 1.04
1290 6 0.64 0.52
1291 1 0.9 1.04
1291 6 0.64 0.52
1292 1 0.89 1.03
1292 6 0.63 0.52
1293 1 0.89 1.02
1293 6 0.63 0.52
1294 1 0.89 1.02
1294 6 0.62 0.52
1295 1 0.89 1.02
1295 6 0.62 0.53
1296 1 0.89 1.02
1296 6 0.61 0.53
1297 1 0.88 1.02
1297 6 0.6 0.53
1298 1 0.88 1.02
1298 6 0.6 0.53
1299 1 0.88 1.02
1299 6 0.6 0.54
1300 1 0.88 1.02
1300 6 0.59 0.54
1301 1 0.88 1.02
1301 6 0.59 0.54
1302 1 0.88 1.02
1302 6 0.58 0.54
1303 1 0.88 1.01
1303 6 0.58 0.54
1304 1 0.88 1.01
1304 6 0.57 0.54
1305 1 0.88 1.0
1305 6 0.56 0.54
1306 1 0.88 0.99
1306 6 0.55 0.55
1307 1 0.88 0.98
1307 6 0.55 0.55
1308 1 0.88 0.97
1309 1 0.88 0.96
1309 6 0.54 0.55
1310 1 0.88 0.95
1310 6 0.53 0.55
1311 1 0.88 0.95
1311 6 0.52 0.55
1312 1 0.88 0.95
1312 6 0.51 0.56
1313 1 0.88 0.95
1313 6 0.5 0.56
1314 1 0.88 0.95
1314 6 0.5 0.56
1315 1 0.88 0.95
1315 6 0.49 0.56
1316 1 0.89 0.95
1316 6 0.49 0.56
1317 1 0.89 0.95
1317 6 0.48 0.56
1318 1 0.89 0.95
1318 6 0.48 0.56
1319 1 0.89 0.95
1319 6 0.48 0.56
1320 1 0.89 0.94
1320 6 0.47 0.57
1321 1 0.89 0.94
1321 6 0.47 0.57
1322 1 0.89 0.94
1322 6 0.46 0.57
1323 1 0.89 0.93
1323 6 0.46 0.58
1324 1 0.89 0.92
1324 6 0.45 0.58
1325 1 0.89 0.91
1325 6 0.45 0.58
1326 1 0.89 0.9
1326 6 0.44 0.59
1327 1 0.89 0.89
1327 6 0.43 0.59
1328 1 0.89 0.89
1328 6 0.43 0.59
1329 1 0.89 0.88
1329 6 0.42 0.59
1330 1 0.89 0.88
1330 6 0.41 0.59
1331 1 0.89 0.88
1331 6 0.41 0.59
1332 1 0.9 0.88
1332 6 0.4 0.59
1333 1 0.9 0.88
1333 6 0.4 0.6
1334 1 0.9 0.88
1334 6 0.39 0.6
1335 1 0.9 0.88
1335 6 0.39 0.6
1336 1 0.9 0.87
1336 6 0.38 0.6
1337 1 0.9 0.87
1337 6 0.37 0.61
1338 1 0.91 0.86
1338 6 0.36 0.62
1339 1 0.91 0.86
1339 6 0.36 0.62
1340 1 0.91 0.85
1340 6 0.35 0.62
1341 1 0.91 0.84
1341 6 0.35 0.62
1342 1 0.92 0.83
1342 6 0.34 0.62
1343 1 0.92 0.83
1343 6 0.33 0.62
1344 1 0.92 0.83
1344 6 0.33 0.62
1345 1 0.92 0.82
1345 6 0.32 0.62
1346 1 0.93 0.82
1346 6 0.32 0.63
1347 1 0.93 0.82
1347 6 0.31 0.64
1348 1 0.93 0.82
1348 6 0.31 0.65
1349 1 0.93 0.82
1349 6 0.3 0.65
1350 1 0.93 0.82
1350 6 0.29 0.66
1351 1 0.93 0.82
1351 6 0.29 0.66
1352 1 0.93 0.82
1352 6 0.28 0.66
1352 7 0.02 0.94
1353 1 0.94 0.82
1353 6 0.27 0.67
1353 7 0.03 0.94
1354 1 0.94 0.82
1354 6 0.26 0.67
1354 7 0.03 0.94
1355 1 0.94 0.82
1355 6 0.26 0.67
1355 7 0.03 0.94
1356 1 0.94 0.81
1356 6 0.25 0.67
1356 7 0.04 0.94
1357 1 0.94 0.81
1357 6 0.25 0.67
1357 7 0.04 0.95
1358 1 0.94 0.8
1358 6 0.24 0.67
1358 7 0.04 0.94
1359 1 0.95 0.79
1359 6 0.23 0.67
1360 1 0.95 0.78
1360 6 0.23 0.67
1360 7 0.04 0.94
1361 1 0.95 0.78
1361 6 0.22 0.67
1361 7 0.04 0.94
1362 1 0.95 0.77
1362 6 0.21 0.67
1363 1 0.95 0.77
1363 6 0.2 0.68
1363 7 0.07 0.94
1364 1 0.95 0.77
1364 6 0.2 0.69
1364 7 0.08 0.94
1365 1 0.96 0.76
1365 6 0.19 0.69
1365 7 0.08 0.94
1366 1 0.96 0.76
1366 6 0.18 0.69
1366 7 0.08 0.94
1367 1 0.96 0.76
1367 6 0.17 0.69
1367 7 0.09 0.94
1368 1 0.96 0.76
1368 6 0.16 0.7
1368 7 0.09 0.94
1369 1 0.96 0.76
1369 6 0.15 0.7
1369 7 0.1 0.93
1370 1 0.97 0.76
1370 6 0.15 0.7
1370 7 0.1 0.93
1371 1 0.97 0.75
1371 6 0.14 0.7
1371 7 0.1 0.93
1372 1 0.97 0.75
1372 6 0.13 0.71
1372 7 0.11 0.92
1373 1 0.98 0.75
1373 6 0.13 0.71
1373 7 0.11 0.93
1374 1 0.98 0.75
1374 6 0.12 0.71
1374 7 0.12 0.93
1375 1 0.98 0.74
1375 6 0.11 0.71
1375 7 0.12 0.93
1376 1 0.99 0.74
1376 7 0.14 0.93
1377 1 0.99 0.74
1377 7 0.15 0.93
1378 1 1.0 0.74
1378 7 0.15 0.92
1379 1 1.0 0.75
1379 7 0.16 0.92
1380 1 1.0 0.75
1380 7 0.16 0.92
1381 1 1.0 0.75
1381 7 0.17 0.92
1382 1 1.01 0.75
1382 7 0.17 0.91
1382 6 0.06 0.76
1383 1 1.01 0.75
1383 7 0.17 0.91
1383 6 0.06 0.76
1384 1 1.01 0.75
1384 7 0.18 0.91
1384 6 0.05 0.76
1385 1 1.02 0.75
1385 7 0.18 0.91
1385 6 0.05 0.76
1386 1 1.02 0.75
1386 7 0.19 0.91
1386 6 0.04 0.77
1387 1 1.02 0.75
1387 7 0.19 0.91
1387 6 0.04 0.77
1388 1 1.02 0.75
1388 7 0.19 0.9
1389 1 1.02 0.75
1389 7 0.2 0.9
1390 1 1.03 0.75
1390 7 0.2 0.91
1391 1 1.03 0.75
1391 7 0.2 0.9
1392 1 1.03 0.75
1392 7 0.21 0.9
1393 1 1.04 0.75
1393 7 0.21 0.9
1394 1 1.04 0.75
1394 7 0.21 0.91
1395 1 1.04 0.75
1395 7 0.22 0.91
1396 1 1.05 0.75
1396 7 0.23 0.91
1397 1 1.05 0.76
1397 7 0.23 0.91
1398 1 1.05 0.77
1398 7 0.23 0.91
1399 1 1.06 0.77
1399 7 0.24 0.91
1400 1 1.06 0.77
1400 7 0.24 0.91
1401 1 1.06 0.78
1401 7 0.25 0.9
1402 1 1.06 0.78
1402 7 0.25 0.91
1403 1 1.06 0.78
1403 7 0.25 0.9
1404 1 1.06 0.78
1404 7 0.26 0.9
1405 1 1.06 0.78
1405 7 0.26 0.9
1406 1 1.06 0.78
1406 7 0.26 0.9
1407 1 1.06 0.78
1407 7 0.26 0.9
1408 1 1.07 0.79
1408 7 0.27 0.9
1409 1 1.07 0.79
1409 7 0.27 0.9
1410 1 1.07 0.79
1410 7 0.27 0.9
1411 1 1.07 0.79
1411 7 0.27 0.9
1412 1 1.07 0.79
1412 7 0.27 0.9
1413 1 1.07 0.79
1413 7 0.28 0.89
1414 1 1.07 0.79
1414 7 0.28 0.88
1415 1 1.07 0.79
1415 7 0.28 0.88
1416 1 1.07 0.79
1416 7 0.29 0.88
1417 1 1.08 0.8
1417 7 0.29 0.88
1418 1 1.08 0.8
1418 7 0.29 0.88
1419 1 1.08 0.81
1419 7 0.29 0.88
1420 1 1.08 0.81
1420 7 0.29 0.88
1421 1 1.08 0.82
1421 7 0.29 0.88
1422 1 1.08 0.82
1422 7 0.29 0.88
1423 1 1.09 0.82
1423 7 0.29 0.88
1424 1 1.09 0.82
1424 7 0.29 0.88
1425 1 1.09 0.82
1425 7 0.29 0.88
1426 1 1.09 0.82
1426 7 0.3 0.88
1427 1 1.1 0.82
1427 7 0.3 0.88
1428 1 1.1 0.82
1428 7 0.3 0.88
1429 1 1.1 0.82
1429 7 0.3 0.88
1430 1 1.1 0.82
1430 7 0.3 0.88
1431 1 1.1 0.82
1431 7 0.3 0.87
1432 1 1.1 0.82
1432 7 0.3 0.87
1433 1 1.1 0.83
1433 7 0.31 0.87
1434 1 1.1 0.83
1434 7 0.31 0.87
1435 1 1.1 0.83
1435 7 0.31 0.87
1436 1 1.1 0.83
1436 7 0.31 0.87
1437 1 1.1 0.83
1437 7 0.31 0.87
1438 1 1.1 0.83
1438 7 0.31 0.87
1439 1 1.1 0.83
1439 7 0.31 0.87
1440 1 1.1 0.83
1440 7 0.31 0.87
1441 1 1.1 0.83
1441 7 0.31 0.87
1442 1 1.1 0.83
1442 7 0.31 0.87
1443 1 1.1 0.83
1443 7 0.31 0.87
1444 1 1.1 0.83
1444 7 0.31 0.87
1445 1 1.1 0.83
1445 7 0.31 0.87
1446 1 1.1 0.83
1446 7 0.31 0.87
1447 1 1.1 0.83
1447 7 0.31 0.87
1448 1 1.1 0.83
1448 7 0.31 0.87
1449 1 1.1 0.83
1449 7 0.31 0.87
1450 1 1.1 0.83
1450 7 0.31 0.87
1451 1 1.1 0.83
1451 7 0.31 0.87
1452 1 1.1 0.83
1452 7 0.31 0.87
1453 1 1.1 0.83
1453 7 0.31 0.88
1454 1 1.1 0.83
1454 7 0.31 0.88
1455 1 1.1 0.83
1455 7 0.31 0.88
1456 1 1.1 0.83
1456 7 0.31 0.88
1457 1 1.1 0.83
1457 7 0.31 0.88
1458 1 1.1 0.83
1458 7 0.31 0.88
1459 1 1.1 0.83
1459 7 0.31 0.88
1460 1 1.1 0.83
1460 7 0.31 0.88
1461 1 1.1 0.83
1461 7 0.31 0.88
1462 1 1.1 0.83
1462 7 0.31 0.88
1463 1 1.1 0.83
1463 7 0.31 0.88
1464 1 1.1 0.83
1464 7 0.31 0.88
1465 1 1.1 0.83
1465 7 0.31 0.88
1466 1 1.1 0.83
1466 7 0.31 0.88
1467 1 1.1 0.83
1467 7 0.31 0.87
1468 1 1.1 0.83
1468 7 0.31 0.87
1469 1 1.1 0.83
1469 7 0.31 0.87
1470 1 1.1 0.83
1470 7 0.31 0.87
1471 1 1.1 0.83
1471 7 0.31 0.87
1472 1 1.1 0.83
1472 7 0.31 0.87
1473 1 1.1 0.83
1473 7 0.31 0.87
1474 1 1.1 0.83
1474 7 0.31 0.87
1475 1 1.1 0.83
1475 7 0.31 0.87
1476 1 1.1 0.83
1476 7 0.31 0.87
1477 1 1.1 0.83
1477 7 0.31 0.87
1478 1 1.1 0.83
1478 7 0.31 0.87
1479 1 1.1 0.83
1479 7 0.31 0.87
1480 1 1.1 0.83
1480 7 0.31 0.87
1481 1 1.1 0.83
1481 7 0.31 0.87
1482 1 1.1 0.83
1482 7 0.31 0.87
1483 1 1.1 0.83
1483 7 0.31 0.87
1484 1 1.1 0.83
1484 7 0.31 0.87
1485 1 1.1 0.83
1485 7 0.31 0.87
1486 1 1.1 0.83
1486 7 0.31 0.87
1487 1 1.1 0.83
1487 7 0.31 0.88
1488 1 1.1 0.83
1488 7 0.31 0.88
1489 1 1.1 0.83
1489 7 0.31 0.88
1490 1 1.1 0.83
1490 7 0.31 0.88
1491 1 1.1 0.83
1491 7 0.31 0.88
1492 1 1.1 0.83
1492 7 0.31 0.88
1493 1 1.1 0.83
1493 7 0.31 0.87
1494 1 1.1 0.83
1494 7 0.31 0.87
1495 1 1.1 0.83
1495 7 0.31 0.87
1496 1 1.1 0.83
1496 7 0.31 0.87
1497 1 1.1 0.83
1497 7 0.31 0.87
1498 1 1.1 0.83
1498 7 0.31 0.87
1499 1 1.1 0.83
1499 7 0.31 0.87
1500 1 1.1 0.83
1500 7 0.31 0.87
1501 1 1.1 0.83
1501 7 0.31 0.87
1502 1 1.1 0.83
1502 7 0.31 0.88
1503 1 1.1 0.83
1503 7 0.31 0.88
1504 1 1.1 0.83
1504 7 0.31 0.88
1505 1 1.1 0.83
1505 7 0.31 0.88
1506 1 1.1 0.83
1506 7 0.31 0.88
1507 1 1.1 0.83
1507 7 0.31 0.88
1508 1 1.1 0.83
1508 7 0.31 0.88
1509 1 1.1 0.83
1509 7 0.31 0.88
1510 1 1.1 0.83
1510 7 0.31 0.88
1511 1 1.1 0.83
1511 7 0.31 0.89
1512 1 1.1 0.83
1512 7 0.31 0.89
1513 1 1.1 0.83
1513 7 0.31 0.88
1514 1 1.1 0.83
1514 7 0.31 0.88
1515 1 1.1 0.83
1515 7 0.31 0.88
1516 1 1.1 0.83
1516 7 0.31 0.89
1517 1 1.1 0.83
1517 7 0.31 0.89
1518 1 1.1 0.83
1518 7 0.31 0.89
1519 1 1.1 0.83
1519 7 0.31 0.89
1520 1 1.1 0.83
1520 7 0.31 0.89
1521 1 1.1 0.83
1521 7 0.31 0.89
1522 1 1.1 0.83
1522 7 0.31 0.89
1523 1 1.1 0.83
1523 7 0.31 0.89
1524 1 1.1 0.83
1524 7 0.31 0.88
1525 1 1.1 0.83
1525 7 0.31 0.88
1526 1 1.1 0.83
1526 7 0.31 0.89
1527 1 1.1 0.83
1527 7 0.31 0.89
1528 1 1.1 0.83
1528 7 0.31 0.89
1529 1 1.1 0.83
1529 7 0.31 0.89
1530 1 1.1 0.83
1530 7 0.31 0.89
1531 1 1.1 0.83
1531 7 0.31 0.89
1532 1 1.1 0.83
1532 7 0.31 0.89
1533 1 1.1 0.83
1533 7 0.31 0.89
1534 1 1.1 0.83
1534 7 0.31 0.89
1535 1 1.1 0.83
1535 7 0.31 0.89
1536 1 1.1 0.83
1536 7 0.31 0.89
1537 1 1.1 0.83
1537 7 0.31 0.89
1538 1 1.1 0.83
1538 7 0.31 0.89
1539 1 1.1 0.83
1539 7 0.31 0.89
1540 1 1.1 0.83
1540 7 0.31 0.89
1541 1 1.1 0.83
1541 7 0.31 0.89
